-1
-1
-1
-1
-1
-1
-1
-1
-1
-1
-1
-1
-1
-1
-1
-1
-1
-1
-1
-1
-1
-1
-1
-1
-1
-1
-1
-1
-1
-1
0
0
0
0
0
0
0
0
0
0
0
0
0
0
1
2
2
3
4
4
4
6
7
7
8
9
10
11
13
15
16
17
18
19
20
21
22
23
0
0
0
0
0
0
0
1
2
3
3
4
5
6
7
8
9
10
12
12
13
14
15
16
17
18
19
20
20
21
22
24
25
26
27
28
29
30
31
32
33
0
0
0
0
0
0
0
0
1
2
3
4
4
5
6
7
8
9
10
11
11
12
12
29
30
31
32
33
34
36
37
23
24
24
25
25
26
26
27
28
28
29
31
32
33
33
34
34
36
38
38
39
40
41
45
46
47
47
50
51
52
53
54
55
56
57
57
58
58
58
10
10
11
12
13
14
15
16
17
18
19
20
21
22
23
24
26
27
28
29
30
31
32
33
34
35
36
37
39
40
41
42
42
43
45
46
47
48
49
50
51
52
53
54
55
56
57
58
58
59
61
62
63
64
65
66
67
68
69
70
71
72
72
73
146
147
147
148
149
150
151
152
153
154
155
155
86
132
133
133
133
134
135
135
134
134
134
135
135
99
100
101
102
103
104
105
106
107
108
109
110
111
112
113
114
115
116
117
118
119
120
121
122
123
125
126
127
128
129
202
203
204
205
206
207
208
209
209
210
211
213
214
215
216
217
218
219
220
221
222
223
224
225
227
228
229
229
230
232
233
235
236
237
238
243
157
158
146
146
147
147
147
147
147
148
149
151
151
152
165
166
166
168
169
170
171
172
174
174
175
175
176
177
177
178
272
272
181
182
182
183
183
183
183
183
11
12
13
14
14
15
16
17
18
19
20
21
22
23
24
25
25
26
27
27
28
29
30
31
32
33
34
35
36
37
38
39
40
41
42
43
44
45
46
47
48
49
50
51
52
53
54
55
56
277
277
278
279
279
280
281
282
283
284
285
286
287
288
289
290
291
292
293
294
295
296
297
298
299
300
301
302
303
303
304
305
306
307
308
309
310
311
312
313
314
315
315
316
317
318
319
321
322
323
324
325
326
327
327
111
112
113
114
115
116
117
118
119
120
121
122
122
123
48
49
50
50
52
53
54
55
56
57
58
59
60
61
62
63
64
65
66
67
68
69
70
71
72
73
74
75
76
77
78
79
80
81
82
83
84
85
86
87
88
89
90
91
92
93
94
95
96
97
98
99
469
470
471
472
473
474
475
475
476
477
478
479
480
481
482
483
484
485
486
487
488
489
490
491
492
493
494
495
496
497
498
499
500
501
502
503
504
505
506
507
508
508
64
65
66
68
69
70
70
72
73
73
74
75
521
522
523
524
525
526
527
528
529
530
531
532
533
534
535
536
537
538
540
541
541
542
543
544
545
546
547
548
549
550
551
552
553
554
555
556
557
558
559
560
561
562
563
45
46
47
48
49
49
50
51
53
54
55
56
57
58
59
60
61
61
62
63
64
65
66
67
68
69
70
71
73
516
517
518
519
520
521
522
523
524
525
526
527
528
529
530
531
532
533
534
535
536
537
538
539
540
541
542
543
544
545
546
547
548
549
550
551
552
553
554
555
556
557
558
559
560
561
562
563
564
641
642
643
644
645
646
647
648
649
650
651
652
653
654
655
656
657
658
659
660
661
662
663
664
665
666
667
668
669
670
671
672
673
674
675
676
677
678
679
681
682
683
684
685
686
687
688
689
690
691
692
693
695
696
697
698
699
700
700
701
702
703
704
705
706
707
708
709
710
711
712
713
714
715
716
717
718
719
720
721
722
723
724
725
726
727
728
729
730
731
732
734
735
736
737
738
739
740
740
741
742
743
745
746
747
748
749
750
751
752
753
754
754
755
756
757
758
759
760
761
762
763
764
765
766
767
768
769
770
696
697
543
544
700
701
701
702
703
704
705
552
553
553
554
555
556
557
558
559
560
561
562
563
564
565
566
567
568
569
570
571
572
573
574
575
576
577
578
579
580
581
582
583
584
585
586
587
588
589
590
591
592
593
595
596
597
598
599
600
601
602
603
604
605
606
607
608
609
610
611
612
613
614
615
616
617
618
619
620
621
622
623
624
624
625
626
627
628
629
630
631
632
634
635
636
636
637
638
639
640
641
642
643
644
645
646
647
648
649
650
651
652
653
654
655
656
657
658
659
660
661
662
663
664
664
665
666
667
668
669
823
824
825
826
827
675
676
677
678
679
680
681
682
683
684
685
686
687
688
689
690
691
692
693
694
695
696
697
698
699
700
701
702
933
934
935
936
937
938
939
940
941
942
943
944
945
945
946
947
948
949
950
951
952
953
954
955
956
957
958
959
960
961
962
963
964
965
966
968
969
970
971
972
973
974
975
976
977
978
979
980
981
982
983
984
985
986
987
988
989
990
991
992
993
994
995
996
997
998
999
1000
1001
1002
1003
1004
1005
1006
543
544
545
546
547
548
549
550
551
552
861
862
863
864
865
866
867
868
869
870
871
872
873
874
875
876
877
878
879
880
881
882
883
884
885
886
887
888
889
890
891
892
893
894
895
896
897
898
899
900
901
902
903
904
905
906
907
908
909
910
911
912
913
914
915
916
917
918
919
920
921
922
923
924
925
926
927
928
929
930
931
932
933
935
936
937
938
939
940
941
942
943
944
945
869
870
871
872
873
874
875
876
877
878
879
880
881
882
883
884
885
1044
1045
1046
1047
1048
1049
1050
1051
1052
1053
1054
1055
1056
1057
1058
1059
1060
1061
1062
1062
1063
1064
1065
1066
1067
1068
1069
1070
1071
1072
1073
1074
1075
1076
1077
1078
1079
1080
1081
1082
1083
1084
1085
1086
1087
1088
1089
1090
1091
1012
1013
1014
1015
1016
1017
1018
1019
1021
1022
1023
1024
1025
1026
1027
1028
1029
1030
1031
1032
1033
1034
1035
1036
1037
1038
1039
960
961
962
963
963
964
965
158
159
159
970
971
972
973
974
974
975
158
159
159
159
339
339
339
339
340
340
341
342
342
343
344
344
345
346
347
347
166
167
168
169
170
171
172
173
174
175
176
177
179
180
180
181
182
183
184
184
184
185
185
185
372
373
374
375
376
377
378
379
380
381
382
383
384
385
386
387
387
388
388
209
211
211
212
213
214
215
216
217
218
219
220
221
222
223
224
225
226
227
228
229
230
231
232
233
234
235
236
237
238
239
239
240
240
240
240
240
240
240
241
241
250
251
252
253
254
255
496
497
498
498
499
132
132
133
133
133
134
134
135
135
136
136
137
137
138
138
139
140
140
1091
1092
783
784
786
787
788
789
790
791
792
793
793
794
795
796
797
798
799
800
801
802
803
804
804
588
589
590
591
591
592
27
933
934
935
936
937
938
939
37
37
38
944
945
946
947
830
831
832
833
834
835
836
837
838
839
840
841
842
843
844
845
846
847
848
849
849
850
851
852
853
855
856
857
1343
1345
861
862
599
600
601
602
9
10
10
11
11
12
12
13
13
13
14
14
15
611
612
613
613
614
921
922
693
694
695
696
697
698
699
700
701
702
703
704
705
705
706
707
708
710
711
712
713
714
715
717
718
720
721
722
723
724
724
725
726
727
728
728
729
730
731
732
733
733
734
735
736
737
738
739
740
741
741
742
743
744
819
819
820
821
821
822
823
823
824
824
825
826
826
827
828
828
829
831
832
833
834
835
836
837
838
839
840
842
844
845
846
847
848
849
850
851
852
853
854
854
855
856
856
857
1016
1017
1017
1018
1018
1019
1019
1020
1021
1021
1022
1023
1257
485
486
487
487
488
489
490
491
876
877
878
879
880
881
882
883
884
885
886
887
888
889
890
891
892
893
894
895
896
897
898
899
900
979
980
981
982
983
984
985
986
987
988
989
990
991
992
993
994
995
996
997
998
999
1000
1001
1002
1003
1004
1005
1006
1007
1008
1009
1010
1011
1012
1013
1014
1015
1016
1017
1018
1019
1020
1021
1022
1023
1024
1025
1026
1027
1028
1029
1030
1031
1032
1033
1034
1035
1036
1037
1038
1039
960
961
962
963
964
965
966
967
1048
1049
1050
1051
1052
1053
1054
1055
1056
1057
1058
1059
903
904
905
906
907
908
909
910
911
912
913
914
915
916
917
918
919
920
921
922
923
924
925
926
927
928
929
930
931
932
933
934
935
936
859
861
862
863
864
865
866
867
868
869
870
871
872
873
874
875
876
1645
1646
1647
1648
1649
1650
1651
1652
1652
1653
1654
1655
1657
1658
1659
1659
1660
1742
1743
1744
1746
1747
1748
1749
1750
1751
1752
1753
1754
1755
1756
1757
1758
1759
1760
1761
1762
1763
1764
1765
1766
1767
1768
1769
1770
1771
1772
1773
1774
1775
1776
1777
1778
1779
1780
1781
1782
1783
1784
1785
1786
1787
1787
1788
1789
1790
1791
1792
1793
1794
1795
1796
1797
1798
1799
1800
1801
1802
1803
1804
1805
1806
1807
1808
1809
1810
1811
1812
1813
1814
1815
1816
1817
1818
1818
1819
1820
1821
1822
1823
1824
1825
1826
1827
1828
1829
1830
1831
1832
1833
1834
1835
1836
1837
1838
1839
839
840
841
842
843
1844
1845
1846
1847
848
849
850
1006
1007
1008
1009
1010
1011
1012
1013
1014
1015
1015
1016
1017
1863
1864
1865
1865
1866
1867
1868
1869
1870
1871
1871
1872
1873
1874
1875
1877
1878
1879
1880
1881
1882
1562
1563
1564
1565
1566
1567
1568
1569
1570
1571
1572
1573
1574
1575
1576
1577
1578
1579
746
747
748
749
751
752
753
753
754
755
756
757
758
759
760
761
762
762
763
764
764
1518
1519
1520
1524
1524
1525
1526
1527
1528
1528
1530
1531
1532
1533
1533
1534
1535
1536
1537
1539
1540
1541
1543
1544
1545
1546
1547
1548
1549
1550
1551
1552
1553
1554
1555
1556
1556
1557
1558
1560
1561
1562
1563
1564
1565
1566
1567
1567
1568
1570
1571
1572
1573
1574
1575
1576
1577
1577
1578
1579
751
752
754
755
756
757
758
759
760
761
762
763
764
1594
1595
1596
1597
1598
1599
1600
1601
773
774
775
776
777
778
779
780
781
781
782
783
784
784
785
786
787
788
789
790
791
792
793
794
795
796
418
419
420
1971
1972
1973
1974
1975
1976
1977
1977
1978
1979
1980
1981
1982
1983
1984
1985
1986
2063
2064
2065
2066
2067
2068
2069
2070
2071
2072
2073
2074
2075
2076
2076
2077
2078
2080
2081
2082
2083
2084
2085
2086
2086
2087
2088
2089
2090
2091
2092
2094
2095
2096
2097
2098
2099
2100
2101
2102
2103
2104
2105
2106
2107
2108
2108
2109
2110
2111
2111
2112
2029
2030
2030
1742
1131
1132
1133
1134
1134
1135
1136
1137
1138
1139
1140
1141
1142
1143
1144
1145
1146
1147
1148
1149
1149
1150
1151
1152
1153
1154
1155
1156
1157
1158
1159
1160
1161
1162
1163
1164
1166
1167
1168
1169
1170
1171
1172
1173
1174
1175
1176
1177
1178
1179
1180
1181
1182
1183
1184
1185
1186
1187
1188
1189
1190
1191
1192
1193
1194
1195
1196
1197
1198
1199
1200
1201
1202
1741
1742
1743
1744
1745
898
899
900
901
902
903
904
905
906
907
908
909
910
911
912
913
914
915
916
917
918
919
920
921
922
923
924
925
771
772
773
774
775
776
777
778
779
780
781
782
783
784
785
786
787
788
789
790
791
792
793
794
795
796
797
798
799
800
801
802
803
2247
2248
1731
1732
1733
1734
1735
1736
1737
1738
1739
1740
1741
1742
1743
1744
1745
2264
2265
2266
2267
2268
2269
2270
2271
2272
2273
2274
2275
2276
2277
2278
1682
1683
1683
1684
1685
1686
1687
1688
1689
1690
1691
1692
1693
1694
1695
1696
1697
1698
1699
1700
1701
1702
1703
1704
1705
1706
1707
1708
1709
1710
1711
1712
1713
1715
1716
1717
1718
1719
1029
1030
1031
1032
1033
1034
1035
1036
1728
1729
1730
1731
1732
1733
2329
2330
2331
2332
2333
2334
2335
2336
2337
2338
2339
2340
2341
2342
2343
2344
2345
2346
2347
2348
2349
2350
2351
2352
2353
2354
2355
2356
2357
2358
2281
2282
2283
2284
2285
2286
2287
2288
2289
2290
2291
2292
2293
2294
2295
2296
2297
2298
2299
2300
2301
2302
2303
2304
2305
2306
2307
2308
2309
2310
2311
2390
2391
2313
2314
2394
2395
2396
2397
2398
2399
2400
2401
2402
2403
2404
2405
2406
2407
2408
2409
2410
2411
2412
2413
2414
2415
2416
2417
2418
2419
2420
2421
2422
2423
2424
2425
2426
2427
2428
2429
2430
2431
2432
2433
2434
2435
2436
2437
2438
2439
2440
2441
2442
2443
2444
2445
2446
2447
2448
2449
2450
2451
2452
2453
2454
2455
2456
2457
2459
2460
2461
2462
2463
2464
2465
2466
2467
2468
2469
2470
2471
2472
2473
2474
2475
2476
2477
2478
2479
2480
2481
2482
2483
2484
2485
2486
2487
2488
2255
2256
2257
2258
2259
2259
2260
2262
2262
2264
2264
2266
2267
2268
2269
2270
2271
2272
2273
2274
2275
2276
2277
2278
2279
2280
2281
2282
2283
2284
2285
2286
2287
2288
2289
2290
2291
2292
2293
2294
2295
2296
2297
2298
2299
2300
2301
2302
2303
2304
2305
2306
2307
2308
2309
2310
2311
2312
2313
2314
2315
2316
2317
2318
2319
2320
2321
2322
2323
2324
2325
2326
2327
2328
2567
2568
2569
2570
2571
2572
2573
2574
2575
2576
2577
2578
2579
2580
2581
2582
2583
2584
2585
2586
2587
2588
2589
2590
2591
2592
760
761
762
763
764
765
766
767
768
769
770
771
772
773
774
775
776
2534
2535
2536
2537
2538
2539
2540
2541
2542
2543
2544
2545
2546
2547
2549
2550
2551
2552
2553
2554
2555
2556
2557
2558
2559
2560
2561
2562
2563
2564
2566
2567
2568
2569
2570
2571
2572
2573
2574
2575
2576
2577
2578
2579
2580
2581
2582
2271
2272
2273
2274
2275
2276
2277
2278
2279
2280
2281
2282
2283
2284
2285
2285
2286
2287
2288
2289
2290
2291
2292
2293
2294
2295
2296
2297
2298
2299
2300
2301
2302
2303
2304
2305
2306
2307
2308
2309
2310
2311
2312
2313
2314
2315
2316
2317
2318
2318
2319
2320
2321
2322
2324
2325
2326
2327
2328
2329
2330
2331
2332
2333
2334
2335
2336
2337
2338
2339
2340
2341
2342
2343
2344
2345
2346
1751
1752
1753
1754
2351
2352
2353
2354
2355
2356
2357
2358
2359
2669
2670
2671
2672
2673
2674
2675
2676
1772
1773
1774
1775
1776
1777
1778
1779
1780
1781
1782
1783
1784
1785
1786
1787
1788
1789
1790
1791
1792
1793
1794
488
489
490
492
493
494
494
495
496
497
498
499
500
501
502
503
504
505
506
507
509
510
511
512
513
513
514
515
516
517
519
2427
2428
2428
2429
2273
2274
2275
2433
2434
2278
2279
2438
2439
2440
2441
2442
2443
2444
2445
2446
2447
2448
2449
2450
2451
1164
1165
1165
1166
933
934
935
936
937
938
939
940
941
942
943
944
945
946
947
948
949
950
951
952
953
954
955
956
957
958
1193
1194
1195
1196
1197
1198
1199
1200
1201
1201
1202
1203
1204
1205
1206
2652
2653
2654
2655
2656
2657
2658
2659
2660
2661
2662
757
758
759
760
760
761
763
764
766
767
768
769
770
771
772
2680
2680
2681
2682
2684
2685
2686
2687
2688
2689
2690
2691
2692
2693
2694
2695
2696
2697
2698
2700
2701
2702
2703
2704
2705
2706
2707
2708
2709
2710
2711
2712
2713
2714
2716
2416
2417
2418
2419
2420
2420
2421
2877
2878
2879
2425
2426
2427
2428
2428
2429
2430
2431
2432
2433
2434
1681
1682
1683
1684
1685
1686
1687
1687
1688
1689
1690
1691
1692
1693
1694
1695
1696
1697
1698
1699
1700
1701
1702
1703
1704
1705
1706
1707
1708
1709
1710
1711
1711
1712
1713
1714
1715
1716
1717
1718
1719
1720
1721
1722
1723
1724
1725
1726
1727
1728
1729
1730
1731
2328
2329
2330
2331
2332
2332
2333
2334
2335
588
588
589
590
591
592
593
594
595
596
597
597
598
599
600
601
603
604
605
606
607
607
608
609
610
2668
2669
2670
2671
2672
2673
2674
2675
2676
2677
2678
2372
699
700
701
701
702
703
704
705
706
707
708
709
710
711
712
713
714
715
716
717
718
719
719
720
721
722
723
648
649
650
651
652
1562
1564
1565
1566
1567
1568
1569
1570
1571
1572
1573
1574
1575
1576
1577
1578
1579
1580
1581
1582
1583
1584
1585
1586
1587
984
985
986
987
3032
3033
3034
3035
3036
3037
3038
3039
3040
3041
3042
3042
3043
3044
3044
3045
3046
1518
1519
1520
1521
1522
1523
1523
1524
1525
1526
1527
1528
1529
1530
1531
1532
1533
1534
1535
1536
1537
1538
1539
1540
1541
1542
1543
1544
1545
1546
1547
1548
1549
1550
1551
1552
1553
1554
1555
1556
1557
1558
1559
1560
1561
1562
1563
1564
1565
1565
2047
2048
2049
2050
2051
2052
2053
2054
2055
2056
2057
2058
2059
2060
2061
2062
2063
2064
2066
2067
2069
1585
1586
1587
1588
1589
1590
1592
1593
1594
1595
1596
1597
1598
1600
1601
1602
1603
1604
1605
1606
1607
1608
2091
2092
2093
2094
2095
2096
2097
2098
2099
2100
2101
2102
2103
2104
2105
2106
2107
2108
2109
2110
2111
2112
2113
2114
1209
1210
1210
1211
1212
1213
1214
1215
77
78
79
80
81
82
83
84
85
86
87
88
89
256
257
258
259
260
261
262
263
264
265
266
1998
1999
2000
2001
2002
2003
2004
2005
2006
2007
2008
2009
2010
2011
3226
1438
1439
1440
1441
1442
1443
1444
1445
1446
1447
1448
1449
1450
1451
1452
1453
1454
1455
1545
1546
1547
1548
1549
1549
1550
1551
2036
2037
2038
2039
2040
2041
2042
2043
2044
1562
1563
1564
1565
1566
1567
1568
1569
1570
1571
1572
1573
1574
1575
1576
1577
1578
1579
1580
1581
1582
1583
1584
1585
1586
1587
1588
1589
1590
1591
1592
1593
1594
1595
1596
1597
1598
1599
1600
1601
1602
1603
1604
1605
1606
1607
1608
1609
1610
1611
1612
1613
1614
1615
1616
1617
1618
1618
1619
2162
2162
2163
2163
2164
2165
2166
2168
2169
2169
2170
2171
2172
2172
2173
2174
2175
2175
2176
1387
1388
1389
1390
1391
1393
1394
1395
1396
1397
1398
1399
1400
1401
1402
1403
1404
1405
1406
1407
1408
1410
1411
1412
1413
1414
1415
1415
137
137
138
139
140
141
2209
2210
2211
920
2285
2286
2287
2288
2289
2290
2291
2605
2606
2607
2609
1420
1421
2611
2612
2613
938
939
940
941
942
2769
2770
2771
2772
2773
2775
2776
2777
2778
2779
2780
2780
2781
956
957
958
959
961
962
963
964
965
966
967
968
371
372
373
374
375
377
975
976
977
977
978
330
331
981
386
387
388
388
1062
1063
1064
1065
3553
3554
3555
3557
3558
3558
3559
3560
3561
3562
3563
3564
3565
3566
3567
3568
3569
3570
3571
3572
3573
3574
3575
3576
3577
3578
3579
3580
3581
3582
3583
3584
3585
3586
3587
3588
3589
3590
3591
3592
3593
3594
3595
438
439
440
441
442
443
444
445
446
447
3606
3607
3608
3609
3610
3611
3612
3613
3614
3615
3615
3616
3617
3618
3555
3556
3558
3559
3560
2025
334
335
336
337
338
339
339
340
341
342
343
344
345
346
346
347
348
349
350
351
1313
1314
355
356
357
358
359
360
361
362
363
364
365
366
367
368
369
370
1331
1332
1333
1334
1335
1336
1337
1339
1340
1341
1342
1343
1344
1345
1346
1347
1348
1349
1350
1351
1352
1353
1354
1355
1356
1357
1358
1359
1360
1361
1362
1363
311
311
312
312
1368
1369
1370
1371
1372
1373
1374
1375
1376
1377
1378
1379
3483
3484
3485
3486
3487
3488
3488
1387
1388
3492
3493
3493
3494
3495
3496
3497
3498
3499
3500
3501
3502
3503
3504
3505
3506
1405
1406
1408
1409
1411
1412
1413
1414
1415
1416
1417
139
140
508
509
3674
3675
3677
3678
1502
1503
1504
1505
352
354
3665
3666
3667
3668
3669
3670
3671
3672
3673
3674
3675
3676
3678
3679
348
349
350
351
352
353
354
355
356
357
358
359
360
361
362
363
364
365
366
366
367
1160
1161
1162
1163
1164
1165
1166
1167
1168
1169
1170
1171
1171
939
939
940
941
1176
1177
1178
1716
1717
1718
1719
1720
1721
1722
1723
1724
1725
1726
1727
1728
1729
1729
1730
1731
1732
1733
1734
1736
1737
1738
1739
1740
1741
1741
1742
1743
1744
1745
1746
1747
1748
1749
1750
1751
1752
1753
1754
1755
1756
1757
1758
1759
1760
1761
1762
1763
1764
1765
1766
1767
1768
1769
1770
1771
1772
1773
1774
1775
1776
1777
1778
1779
1780
1781
1782
1782
1783
1784
1785
1786
1787
1788
1789
1790
1791
1792
1793
1794
1795
1796
1797
1798
3905
3906
3907
3909
3909
3910
3911
3912
3913
3914
3915
3916
3917
3918
3919
3920
3921
3922
3923
3924
3925
3926
3927
3928
3929
3930
3931
3932
3933
3934
3935
3936
3937
3938
3939
3940
3940
3941
3942
3943
3944
3945
3946
3947
3948
3949
3950
3951
3952
3953
3954
3955
3956
3957
3958
3959
3921
3922
3923
3924
3925
3926
3927
3928
3929
3930
3931
3932
3933
3934
3935
3937
3938
3938
3940
3941
3941
3942
3943
3944
3945
3946
3947
3948
3950
3951
3952
3953
3954
3955
3956
3957
3957
3958
3959
3960
3961
3962
3963
3964
3965
3966
3967
3968
3969
3970
3932
3933
3934
3935
3936
3937
3938
3939
3940
3941
3942
3943
3944
3945
3946
3947
3948
3949
3950
3951
3952
3953
3954
3955
3956
3957
3958
3959
3961
3962
3963
3964
3965
3926
3927
3928
3930
3931
3932
3933
3934
3935
3936
3937
3938
3939
3940
3941
3942
3943
3944
3945
3946
4065
4066
4067
4068
4069
4070
4071
4072
4073
4074
4036
4037
4038
4039
4040
4041
4042
4043
4044
4045
4046
4047
4048
4049
4050
4051
3935
3936
3937
3938
3939
3940
4059
4060
4061
4062
4063
4064
4065
4066
4067
4068
4069
4070
4071
4072
4073
4074
4075
4076
4077
4078
4079
4080
4081
4082
4083
4084
4085
4086
4087
4088
4089
4090
4091
4092
4093
4094
4095
4096
4097
4098
4099
4100
4101
4102
4103
4104
4105
4106
4107
4108
4109
4110
4111
4112
4113
4114
4115
4116
4117
4118
4119
4120
4121
4122
4123
4124
4125
4126
4127
4128
4129
4130
4131
4132
4133
4172
4173
4060
4061
4062
4063
4064
4065
4066
4067
4068
4069
4070
4071
4072
4073
4074
4075
4076
4077
4078
4079
4080
4081
4082
4083
4084
4085
4086
4087
4088
4089
4090
4091
4092
4093
4094
4095
4096
4097
4098
4099
4138
4139
4140
4141
4142
4143
4145
4146
4147
4148
4149
4150
4151
4152
4153
4154
4155
4156
4157
4158
4159
4160
4161
4162
4163
4164
4165
4166
4167
4167
4168
4170
4171
4247
4248
4249
4250
4251
4252
4253
4254
4255
4256
4257
4258
4259
4260
4261
4262
4263
4264
4265
4266
4267
4268
4269
4270
4271
4272
4273
4274
4275
4276
4277
4278
4279
4280
4281
4282
4283
4284
4285
4286
4287
4213
4214
4290
4216
4217
4218
4219
4220
4221
4222
4223
4224
4225
4226
4227
4228
4229
4230
4231
4232
4233
4234
4235
4236
4237
4238
4239
4240
4241
4242
4243
4244
4245
4246
4247
4248
4249
4250
4251
4252
4253
4254
4255
4256
4257
4258
4259
4260
4261
4262
4263
4264
4265
4266
4267
4268
4269
4270
4271
4272
4273
4274
4275
4276
4277
4278
4279
4280
4281
4282
4283
4284
4285
4286
4287
4288
4289
4290
4291
4292
4293
4294
4295
4296
4297
4298
4299
4300
4301
4302
4303
4114
4115
4116
4117
4118
4119
4120
4121
4312
4313
4314
4315
4316
4317
4318
4319
4320
4321
4322
4323
4324
4325
4326
4327
4328
4329
4330
4331
4332
4333
4334
4335
4336
4337
4338
4339
4340
4341
4342
4343
4344
4345
4346
4347
4348
4236
4237
4238
4239
4240
4241
4242
4243
4244
4245
4246
4247
4248
4249
4250
4251
4252
4253
4254
4255
4256
4257
4258
4259
4260
4261
4262
4263
4264
4341
4342
4343
4344
4232
4233
4234
4235
4236
4237
4464
4465
4466
4467
4242
4243
4244
4245
4246
4247
4248
4249
4250
4251
4252
4253
4254
4255
4256
4257
4258
4259
4260
4261
4262
4263
4264
4265
4266
4267
4268
4269
4270
4271
4272
4273
4274
4275
4276
4277
4278
4279
4280
4281
4508
4509
4510
4511
4512
4288
4289
4290
4291
4292
4293
4294
4295
4296
4297
4298
4299
4300
4301
4302
4303
4304
4305
4306
4307
4533
4534
4535
4536
4537
4538
4539
4315
4316
4317
4318
4319
4545
4546
4322
4548
4549
4550
4551
4552
4328
4329
4330
4331
4332
4333
4334
4335
4336
4337
4338
4339
4340
4341
4342
4343
4344
4345
4346
4347
4348
4349
4350
4575
4576
4577
4578
4579
4580
4581
4582
4583
4584
4585
4586
4587
4588
4589
4590
4591
4592
4593
4594
4595
4596
4597
4598
4599
4563
4564
4565
4566
4567
4568
4569
4607
4608
4609
4573
4574
4575
4576
4577
4578
4317
4318
4319
4320
4321
4322
4323
4324
4325
4326
4327
4328
4329
4330
4331
4332
4333
4334
4335
4336
4337
4338
4339
4340
4341
4342
4343
4344
4345
4346
4347
4348
4349
4350
4351
4352
4353
4354
4355
4356
4357
4358
4359
4360
4361
4362
4363
4326
4327
4590
4591
4330
4331
4332
4333
4334
4335
4336
4337
4338
4339
4340
4341
4342
4343
4344
4232
4233
4234
4235
4236
4237
4238
4239
4240
4241
4242
4243
4244
4245
4246
4247
4248
4249
4250
4251
4252
4253
4254
4255
4256
4257
4258
4259
4260
4261
4262
4263
4264
4265
4266
4267
4268
4269
4270
4271
4573
4574
4575
4576
4577
4315
4316
4317
4319
4320
4434
4435
4436
4437
4438
4439
4327
4328
4329
4330
4331
4332
4333
4334
4335
4336
4337
4338
4339
4340
4341
4342
4343
4344
4345
4346
4347
4348
4574
4575
4464
4465
4466
4467
4468
4469
4695
4696
4697
4698
4699
4700
4701
4702
4703
4704
4705
4706
4707
4708
4709
4710
4711
4712
4713
4714
4715
4716
4717
4718
4719
4720
4721
4722
4723
4724
4725
4726
4727
4728
4729
4730
4731
4619
4620
4621
4622
4623
4287
4288
4289
4290
4291
4292
4293
4294
4295
4296
4297
4298
4299
4300
4301
4302
4303
4304
4305
4306
4307
4308
4309
4310
4311
4312
4313
4314
4315
4316
4317
4318
4319
4320
4321
4322
4323
4324
4325
4326
4327
4328
4329
4330
4331
4332
4333
4334
4335
4336
4337
4338
4339
4340
4341
4342
4343
4344
4345
4346
4347
4348
4349
4350
4351
4352
4353
4354
4355
4356
4357
4358
4359
4360
4361
4362
4849
4850
4851
4852
4853
4854
4855
4856
4857
4858
4859
4860
4148
4149
4150
4151
4865
4866
4867
4868
4869
4870
4158
4159
4160
4612
4613
4614
4164
4165
4166
4167
4168
4620
4621
4622
4623
4624
4849
4850
4851
4852
4853
4854
4855
4856
4857
4858
4859
4860
4861
4862
4863
4864
4865
4866
4867
4868
4869
4870
4871
4872
4873
4275
4912
4913
4914
4915
4916
4917
4918
4919
4920
4921
4922
4362
4363
4364
4365
4366
4928
4929
4930
4931
4932
4933
4934
4935
4936
4937
4938
4939
4940
4941
4942
4943
4944
4945
4946
4947
4948
4949
4950
4951
4952
4953
4954
4955
4956
4957
4958
4959
4960
4961
4962
4963
4964
4965
4966
4967
4968
4969
4970
4971
4972
4973
4974
4975
4976
4977
4978
4979
4980
4981
4982
4983
4984
4985
4986
4199
4200
4201
4316
4317
4318
4319
4320
4321
4322
4210
4211
4212
4213
4214
4214
4215
4216
4217
4218
4219
4220
4222
4223
4224
4225
4226
4227
4228
4229
4230
4231
4232
4233
4234
4235
4236
4237
4688
4689
4690
4691
4692
4693
4694
4695
4546
4547
4548
4549
4550
4551
4515
4516
4517
4518
4519
4520
4521
4522
4486
4487
4488
4489
4490
4491
4455
4456
4457
4458
4533
4534
4535
4536
4463
4464
4465
4466
4467
4468
4469
4470
4471
4472
4473
4474
4475
4476
4477
5115
5116
5117
5118
5119
5120
5121
5122
5123
5124
5125
5126
5127
5128
5129
5130
5131
5132
5133
5134
5135
5136
5137
5138
5139
5140
5141
5142
5143
5144
5145
5146
5147
5148
5149
5150
5151
5152
5116
5117
5118
5119
5120
5121
5122
5123
5124
5125
5126
5127
4565
4566
4567
4568
4569
4570
4571
4572
4573
4574
5175
5176
5177
5178
5179
4805
5181
5182
5183
5184
5185
5187
5188
5189
5190
5191
5192
5193
5194
5195
5196
5197
5198
5199
5200
5201
5202
5203
5204
5205
5206
5207
5208
5209
5210
5211
5212
5213
5214
5215
5216
5217
5218
5219
5220
5221
5222
5223
5224
5225
5226
5227
5228
5229
5230
5231
5232
5233
5234
5235
5236
5237
5238
5239
5240
5241
5242
5243
5244
5245
5246
5247
5248
5249
5250
5251
5252
5253
5254
5255
5256
5257
5258
5259
5260
5188
5189
5190
5191
5192
5193
5194
5195
5196
5197
5198
5199
5200
5201
5202
5203
5204
5205
5206
5207
5208
5135
4462
4463
4464
5139
5140
5141
5142
5143
5144
5145
5146
5147
5148
5149
5150
5151
5152
5153
5154
5155
5156
5157
5158
5159
5160
5161
5162
5163
5164
5165
5166
5167
5168
5169
5170
5171
5172
5173
5174
5175
5176
5177
5178
5179
5180
5181
5182
5183
5184
5185
5186
5187
5188
5189
5190
5191
5192
5193
5194
5195
5196
5197
5198
5199
5200
5201
5202
5203
5204
5205
5206
5207
5134
5135
5136
5137
5138
5139
5140
5141
5142
5143
5144
5145
5146
5147
5148
5149
5333
5151
5152
5153
5154
5155
5156
5157
5158
5159
5160
5161
5162
5163
5164
5165
5166
5167
5168
5169
5170
5171
5172
5173
5174
5175
5176
5177
5178
5179
5180
4507
4320
4321
4322
4323
4324
4325
4326
4327
4328
4329
4330
4331
4332
4333
4334
4335
4336
4337
4338
4339
4340
4341
4342
4343
4344
4345
4346
4347
4348
4349
4350
4351
4352
4353
4354
4355
4356
4357
4358
4359
4360
4361
4362
4363
4364
4365
4366
4367
4368
4369
4370
4371
4372
4373
4374
4375
4376
4377
4378
4379
4380
4381
4382
4383
4384
4385
4386
4387
4388
4389
4390
4391
4392
4393
4394
4395
4396
4397
4398
4399
4400
4401
4402
4403
4404
4405
4406
4407
4408
4409
4410
4411
4412
4413
4414
4415
4416
4417
4418
4419
4420
4421
4422
4423
4424
4425
4426
4427
4428
4429
4430
4431
4432
4433
4434
4584
4585
4586
4587
4588
4589
4590
4591
4592
4593
4594
4595
4596
4597
4598
4599
4338
4339
4340
4341
4342
4343
4344
4345
4346
4347
4348
4349
4350
4351
4352
4353
4354
4355
4356
4357
4358
4359
4360
4361
4362
4363
4364
4365
4366
4367
4368
4369
4370
4371
4372
4373
4374
4375
4376
4377
4378
4379
4380
4381
4382
4383
4384
5504
5505
5506
5507
5508
4390
4765
4766
4767
4768
4769
4770
4659
4661
4662
4774
4775
4776
4777
4778
4779
4780
4781
4782
4783
4784
4785
4786
4787
4788
4789
4790
4791
4792
4793
4794
4795
4685
4686
4687
4688
4689
4690
4691
4692
4693
4694
4806
4807
4808
4809
4810
4811
4812
4813
4814
4815
4816
4817
4818
4819
4820
4821
4822
4823
4824
4825
4227
4228
4229
4230
4231
4232
4233
4234
4235
4236
4237
4238
4239
4240
4241
4242
4243
4244
4245
4246
4247
4248
4249
4250
4251
4252
4253
4254
4255
4256
4257
4258
4259
4260
4261
4262
4263
4264
4265
4266
4267
4268
4532
4533
4534
4535
4536
4537
4538
4539
4540
4541
4542
4280
4581
4582
4583
4584
4585
4586
4587
4551
4552
4553
4554
4555
4556
4557
4558
4559
4560
4561
4562
4563
4564
4565
4566
4567
4568
4569
4570
4571
5542
5543
5544
5545
5546
5547
5548
5324
5325
5326
5327
5328
5329
5330
5331
5557
5558
5559
5560
5561
5562
5563
5564
5565
5341
5567
5568
5569
5570
5346
5347
5348
5349
5350
5351
5352
5353
5354
4722
4723
4724
4725
4726
4727
4728
4392
4730
4731
4732
4733
4734
4735
4736
4737
4738
4739
4740
4741
4742
4743
4744
4745
4410
4411
4412
4413
4414
4415
4416
4417
4418
4419
4420
4421
4422
4423
4909
5393
5394
5395
5396
5397
5398
5399
5400
5401
5402
5403
5404
5111
5406
5407
4251
5152
5153
5154
5155
5156
5157
5158
5159
5160
5161
5162
5163
5164
5165
5166
5167
5168
5169
5170
5171
5172
5173
5174
5175
5176
5177
5178
5179
5180
5180
5181
5182
5183
5184
5185
5186
5187
5188
5189
4329
4330
4331
4332
4333
4334
4335
4336
5124
5125
5126
5127
5128
5129
5130
5131
5389
5390
5391
5392
5393
5394
5395
5396
5397
5141
4468
4469
4470
4471
4472
4473
4474
4475
4476
4477
4478
4479
4480
4481
4482
4483
4484
4485
5160
5161
5162
5163
5164
5165
5166
5167
5168
5169
5170
5171
5172
5173
5174
5175
5176
5177
5178
5179
5180
5181
5182
5183
5184
5185
5186
5187
5188
5115
5190
5191
5192
5193
5194
5195
5196
5197
5198
5199
5200
5201
5202
5129
5130
5131
5132
5133
5134
5135
5136
5137
5138
5139
5140
5141
5142
5143
5144
5145
5146
5147
5148
5149
5150
5151
5152
5153
5154
5155
5156
5157
5158
5159
5160
5161
5162
5163
5164
5165
5166
5167
5168
5169
5170
5171
5172
5173
5174
5175
5176
5177
5178
5179
5180
5181
5182
5183
5184
5185
5186
5187
5188
5189
5190
5191
5192
5193
5194
5195
5196
5197
5198
5199
5200
4339
4340
4341
4342
4343
4344
4345
4346
4347
4348
4349
4350
4351
4352
4353
4354
4355
4356
4357
4358
4359
4360
4361
4362
4363
4364
4365
4366
4367
4368
4369
4370
4371
4372
4373
4374
4375
4376
4377
4378
4379
4380
4381
4868
4869
4945
4946
4947
4873
4874
4875
4876
4877
4878
4879
4880
4881
5440
5441
5442
5443
5444
5445
5446
5447
5448
5449
5450
5451
4105
4106
4107
4108
4109
4110
4111
4112
4113
4114
4115
4116
4117
4118
4119
4120
4121
4122
4123
4124
4125
5066
5067
5068
5069
5070
5071
5072
5073
5074
5075
5076
5077
5078
4479
4480
4481
4482
4483
4484
4485
4486
4487
4488
4489
4490
4491
5129
5130
5094
5095
5096
5097
5098
5099
5100
5101
5102
5103
5104
5105
5106
5107
5108
5853
5854
5855
5856
5857
5114
5115
5153
5154
5155
5863
5864
5158
5159
5160
5161
5162
5163
5164
5165
5166
5167
5168
5169
5170
5171
5172
5173
5174
5175
5176
5884
5885
5886
5180
5888
5889
5890
5891
5892
5893
5894
5895
4552
4553
4554
4555
4556
4557
4558
4559
4560
4561
4562
5163
5164
5165
5166
5167
5168
5169
5170
5207
5208
5173
5174
5175
5176
5177
5141
5179
5180
5144
5144
5145
5146
4473
4474
4475
6232
5114
5115
5116
5117
5118
5119
5120
5121
5122
5123
5124
5125
5126
5127
5128
5129
5130
5131
5132
5133
5134
5135
5136
5137
5138
5139
5140
5141
5142
5143
5144
5145
5146
5147
5148
4923
4924
4925
4926
4927
4928
4929
4930
4931
4932
4933
4934
4935
4936
4937
4938
4939
4940
4941
4942
4943
4944
4945
4946
4947
4948
4949
4950
4951
4952
4953
4954
4955
4956
4957
4958
4959
4960
4961
4962
4963
4964
4965
4966
4967
4968
4969
4970
4971
4972
4973
4974
4975
4976
4977
4865
4866
4867
4868
4869
4870
4871
4872
4873
4874
4875
5471
5472
5473
5474
5475
5476
5477
5478
4360
4361
4362
4363
4364
4365
4889
4890
4891
4892
4893
4894
4895
4896
4897
4898
4376
4377
4378
4379
4380
4381
4382
4720
4721
4722
4723
4387
4388
4389
4390
4391
4915
4916
4731
4732
4733
4734
4735
4736
4737
4738
4739
4740
4741
4742
4743
4744
4745
4746
4747
4748
5531
5532
5533
5534
5535
5536
5537
5538
5539
5540
5541
5542
5543
5544
5545
5546
5547
6410
6411
6412
6413
6414
6415
6416
6417
6418
6419
6420
6422
6423
6424
6425
6426
6427
6428
6429
6430
6431
6432
6433
6434
6435
6436
6437
6438
6439
6440
6441
6442
1422
1423
6444
4763
4765
4766
4767
4768
4769
4770
4771
4772
4773
4774
4775
4776
5226
5227
5228
5229
5230
5231
5566
4784
4785
4786
4787
4788
4789
4790
4791
4792
4793
4794
4795
3792
3793
3794
3795
3796
3797
3798
3799
3800
3801
3802
4807
4808
4809
5075
5076
4812
4813
4814
4815
4816
4817
4818
4819
4820
4821
4822
4823
4824
4825
4826
4827
4828
4829
4830
4831
4832
4685
4686
4687
4688
4689
4690
4839
4840
4841
4842
4695
6416
6417
6418
6419
6420
6421
6422
6423
6424
6425
6426
6427
6428
6429
6430
6431
6432
6433
6434
6435
6436
6437
6438
6439
6440
6441
6442
6443
6444
6445
6446
6447
6448
6449
6450
6451
6452
6453
6454
6455
6456
6419
6420
6459
6459
6460
6461
6462
6463
6464
6465
6466
6467
6468
6469
6470
6471
6472
6473
6474
6438
6439
6440
6479
6480
6481
6482
1425
1426
1427
6449
6450
1634
1634
1635
1636
1637
1638
1436
1437
1438
121
122
123
124
124
125
1345
1346
1347
294
1349
1350
1351
2146
2147
1354
1355
1356
1357
1358
1359
1360
1361
1362
1363
1364
1365
1366
1367
1368
1369
1369
1370
1371
1372
1373
1374
1375
1376
1378
1379
1380
1381
1382
1383
1384
1385
1386
1387
1388
1389
1390
1391
1392
1507
1507
1507
1507
1508
1509
1511
1512
1513
1514
1516
1517
1518
1519
1520
1521
1522
1526
1527
1527
1526
1527
1527
1526
1526
1503
1504
1505
1506
1506
1507
1508
1509
1511
1512
1513
1515
1516
1517
1518
1519
1520
1521
1522
1524
1525
1527
1528
1529
1530
1531
1532
1533
1534
1535
1536
1537
1538
1540
1541
1541
1542
1543
1544
1545
1546
1548
1549
1550
1551
1552
1553
1554
1555
1556
1557
1558
1559
3165
3165
3166
3167
3167
3168
3169
3170
3171
3172
3173
3174
3175
3176
3178
3179
3180
3181
3182
3183
3184
3185
3186
3187
3188
3189
3190
3191
3192
3193
3193
1067
1068
1592
1593
1594
1595
1596
1597
1598
1599
1600
1601
1602
1603
1604
1605
1606
1607
1608
1609
1610
1611
1612
1612
1614
1614
1615
1616
1427
1428
6633
6634
6634
6635
6636
6636
6637
6638
6638
6639
6640
6640
6640
2705
3848
3849
3850
3850
3851
3853
3854
3855
3856
3857
3858
3859
3860
3861
3862
3863
3864
3865
3866
3867
3868
3869
3870
3871
3872
3873
3874
3875
3876
3877
