-nan(ind)
-nan(ind)
-nan(ind)
-nan(ind)
-nan(ind)
-nan(ind)
-nan(ind)
-nan(ind)
-nan(ind)
-nan(ind)
-nan(ind)
-nan(ind)
-nan(ind)
-nan(ind)
-nan(ind)
-nan(ind)
-nan(ind)
-nan(ind)
-nan(ind)
-nan(ind)
-nan(ind)
-nan(ind)
-nan(ind)
-nan(ind)
-nan(ind)
-nan(ind)
-nan(ind)
-nan(ind)
-nan(ind)
-nan(ind)
-nan(ind)
-nan(ind)
-nan(ind)
-nan(ind)
-nan(ind)
-nan(ind)
-nan(ind)
-nan(ind)
-nan(ind)
-nan(ind)
-nan(ind)
-nan(ind)
-nan(ind)
-nan(ind)
-nan(ind)
-nan(ind)
-nan(ind)
-nan(ind)
-nan(ind)
-nan(ind)
-nan(ind)
-nan(ind)
-nan(ind)
-nan(ind)
-nan(ind)
-nan(ind)
-nan(ind)
-nan(ind)
-nan(ind)
-nan(ind)
23.71233921
23.56500716
23.32813534
23.04533743
22.74760603
22.41776096
22.00021399
21.57503939
21.21868536
20.96057304
20.73312404
20.47603757
20.1400841
19.80098026
19.57727366
19.54864948
19.55200801
19.55464029
19.56258107
19.57225913
19.57829734
19.58072079
19.58955506
19.61056381
19.65057962
19.68961414
19.72361023
19.78803921
19.84193088
19.86660568
19.87529056
19.8773097
19.89526008
19.92059699
19.94806162
19.97988255
20.00951076
20.03731578
20.08044355
20.11059083
20.1341721
20.17687377
20.22499993
20.26792295
20.30315448
20.3366409
20.36392639
20.379751
20.40118748
20.11470559
19.58794116
19.11655142
18.75916753
18.4582337
18.1809838
17.91735296
17.75255456
17.74755383
17.75335592
17.76673471
17.77919507
17.7931341
17.80181323
17.80991947
17.84138315
17.92874682
18.03504854
18.0995124
18.17630203
18.3816619
18.70928578
19.0668497
19.39245871
19.42752045
19.44018492
19.49982335
19.58363556
19.5723145
19.58423088
19.58657673
19.5804114
19.52320043
19.46565046
19.44190177
19.30493768
19.15749404
18.87943681
18.76587196
18.74923933
18.74104286
18.72304849
18.70556793
18.68901023
18.68044541
18.68184826
18.66962869
18.64756834
18.62350481
18.61991004
18.64667461
18.65705187
18.64527486
18.61151672
18.55755156
18.51786694
18.4979492
18.46904797
18.45349591
18.28020298
18.10323935
18.10121278
18.10828365
18.13619452
18.18032208
18.23640693
18.27638062
18.31157302
18.29171414
18.27426014
18.19339672
18.10267711
18.06243464
18.02844169
17.9933395
17.96370686
17.94514427
17.9334314
17.92221293
17.91232676
17.90349506
17.90224376
17.92135087
17.96309009
18.01006735
18.03363265
18.04054486
18.03046018
18.007761
17.98976472
17.97695178
17.96481333
17.96993749
17.98006169
17.99218191
18.00658725
18.01375364
18.03054983
18.05546029
18.0928014
18.10906453
18.08888211
18.1266267
18.18156132
18.26791091
18.29855232
18.23947221
18.14973761
18.07169409
17.98703545
17.89473054
17.7965426
17.68672426
17.58451015
17.49855158
17.4702828
17.46091169
17.45653463
17.45350438
17.4438684
17.39714615
17.32450459
17.2057814
17.09976637
16.97130991
16.77860448
16.5176468
16.25594163
16.0894177
15.97622598
15.90709659
15.84877269
15.82348465
15.82843939
15.83536475
15.82838471
15.8160164
15.81865452
15.85877441
15.92234575
15.92902283
15.9582788
15.99955516
16.09512605
16.25167354
16.42097205
16.54312065
16.64973609
16.73437355
16.80488729
16.85755358
16.89060126
16.91786641
16.94701574
16.97954936
16.99929976
16.99638115
17.02799173
17.22629261
17.62475708
18.13580408
18.73364689
19.19335842
19.36510418
19.47549953
19.54195995
19.24999841
18.88639432
18.56398359
18.33060932
18.21536315
18.18090827
18.21496184
18.27009007
18.31409614
18.32543848
18.30325363
18.26258523
18.20800978
18.11511408
17.94988355
17.76205086
17.5932483
17.46926906
17.40626066
17.38365367
17.38275873
17.39205186
17.41159808
17.40326069
17.38897089
17.38232298
17.38960349
17.39944465
17.39112035
17.38374624
17.41799172
17.47116506
17.50831638
17.51269765
17.5040897
17.50692367
17.50809537
17.50208692
17.48686434
17.46100222
17.43556121
17.42312563
17.42482182
17.43756875
17.43762002
17.42787881
17.39942204
17.34560323
17.26968198
17.18752594
17.11373052
17.05061975
16.97628861
16.90497047
16.85619875
16.81031184
16.75847918
16.71133743
16.6704286
16.62713119
16.56855879
16.51333244
16.48750673
16.4818757
16.48429053
16.47230572
16.43452546
16.39636892
16.39531627
16.48398246
16.60388814
16.7907549
16.99841489
17.12568326
17.14209159
17.13422084
17.14198519
17.15820201
17.17135389
17.18900986
17.22100367
17.29125455
17.36013103
17.41981528
17.4815057
17.55510659
17.68221946
17.69755813
16.985522
16.43857855
16.06748909
15.89566608
15.88253191
15.87278984
15.86338177
15.85819169
15.85825934
15.86268018
15.86288984
15.85592283
15.85239306
15.8545555
15.85890205
15.82135956
15.75833037
15.70826523
15.66153367
15.62167781
15.59284992
15.56002144
15.52295228
15.48984915
15.4607588
15.42733584
15.41139176
15.40642685
15.40034108
15.39670408
15.40110554
15.41488331
15.41776822
15.41337059
15.40669426
15.40162382
15.42449168
15.50486839
15.64621408
15.8165437
15.98201459
16.10958853
16.16188205
16.16459249
16.16864247
16.17770502
16.18223793
16.16673529
16.1872406
16.23005582
16.25657565
16.27616229
16.30372849
16.32657043
16.35500026
16.3823408
16.40854651
16.45768566
16.51913937
16.6107253
16.70383237
16.77118326
16.83269114
16.89297164
16.956929
16.9925857
16.98412937
16.98882055
17.01277545
17.0494615
17.07141082
17.07387759
17.06759559
17.04778754
17.03285182
17.01466766
17.01349309
17.02667819
17.03516546
17.03359591
17.02494233
17.0088474
16.99519059
16.98522301
16.98159144
16.97422357
16.95785189
16.92506822
16.87634908
16.80070289
16.67163506
16.5342307
16.42927636
16.35465345
16.29200378
16.22589466
16.17470272
16.15881749
16.18280279
16.11800046
16.07682533
16.05339947
16.0238235
15.97219573
15.93935114
15.92648204
15.85602162
15.76246794
15.68088471
15.6660639
15.61158008
15.5999954
15.63985393
15.75598766
15.93813143
16.01073817
15.99734839
16.00442411
16.04317134
16.11098705
16.17661161
16.23985884
16.30680572
16.39590738
16.36584292
16.35791787
16.37649803
16.39412917
16.40854171
16.40974651
16.37994412
16.33075018
16.28178056
16.25226284
16.22312304
16.20331072
16.19906763
16.1626596
16.04990912
15.98076591
15.96583507
15.97725835
15.99053389
15.99849384
15.98882154
15.92730521
15.84142697
15.72878571
15.62072955
15.51467598
15.27846591
15.1185955
15.02689049
14.97390958
14.97254816
15.00442344
15.06600734
15.10491682
15.10514411
15.10319688
15.11188929
15.11683548
15.11417897
15.09617491
15.03395148
14.90089195
14.71124621
14.52525846
14.36800015
14.2165955
14.04955255
13.89879794
13.80021826
13.72494027
13.66972639
13.58080333
13.52612955
13.4913122
13.46985546
13.47159598
13.48800465
13.49764931
13.4088941
13.24177591
12.99094376
12.69219726
12.41730919
12.20699453
12.07966681
11.99722234
11.93279138
11.86995831
11.79400883
11.70938102
11.61592338
11.52127438
11.43881843
11.36692951
11.32217272
11.30979288
11.32964615
11.37223279
11.43200326
11.48059518
11.49759085
11.46599619
11.41304378
11.40509445
11.43731139
11.49838461
11.57313337
11.60531648
11.58856151
11.53377946
11.46610473
11.40273868
11.33889995
11.27545085
11.18404894
11.08820086
11.04106676
11.08331797
11.17988865
11.29916574
11.44373089
11.57996802
11.66484673
11.62753194
11.5142322
11.3600901
11.16352671
11.00320059
10.87504972
10.79618531
10.7184797
10.63278676
10.56663865
10.52144286
10.4924131
10.47066241
10.45928664
10.45124834
10.44054199
10.42008753
10.39198742
10.35623052
10.32086259
10.28977126
10.26863897
10.25521894
10.23475751
10.22277641
10.19686141
10.18001979
10.14922712
10.12583948
10.11974453
10.07604675
10.01931709
10.01689247
10.03441848
10.07662882
10.11956783
10.14825876
10.16908275
10.17868475
10.17626718
10.15983917
10.13209737
10.08768737
10.01526716
9.938665646
9.898811026
9.89022754
9.887635272
9.852636776
9.814575559
9.778954282
9.740423047
9.724310557
9.744278917
9.803398625
9.873688719
9.933488432
9.981543198
10.0336529
10.08382663
10.13217785
10.17866226
10.22233001
10.25044026
10.25628321
10.24100332
10.21143548
10.17768687
10.15842403
10.17237536
10.20754026
10.23888129
10.26321006
10.26205591
10.21488109
10.16895474
10.16006586
10.1788281
10.19169465
10.19818846
10.20583598
10.20776589
10.19263081
10.15544947
10.10999599
10.07265164
10.04946586
10.02945329
9.994967148
9.95402736
9.919525589
9.900625949
9.892221909
9.886597885
9.871057327
9.840860579
9.814265098
9.801162877
9.795720229
9.792058463
9.788363177
9.785741
9.795101023
9.823506202
9.871458747
9.931740009
9.982708286
10.02107878
10.0830194
10.17918506
10.29125453
10.38049511
10.44269154
10.48084255
10.50093211
10.50382245
10.49097736
10.45596398
10.40228168
10.33598013
10.26221064
10.20261867
10.15666785
10.1139995
10.06627579
9.99857034
9.931124964
9.874553622
9.820897779
9.786409035
9.764972634
9.739631422
9.733060941
9.739359698
9.758961594
9.79008168
9.823252818
9.852016792
9.865328435
9.847369301
9.816535752
9.785331679
9.749823642
9.710110274
9.672958289
9.6661649
9.705192898
9.784010038
9.875418449
9.945520295
9.982258317
9.900562374
9.834680648
9.8069205
9.810269047
9.821867826
9.823621243
9.826358509
9.828162067
9.832696431
9.840924539
9.85086529
9.857518331
9.867320588
9.879337469
9.893031691
9.90339971
9.902329304
9.87444497
9.801202284
9.720473256
9.662935183
9.621324506
9.600546154
9.605338389
9.626984627
9.649757944
9.668056048
9.666597026
9.636494399
9.572568791
9.484593497
9.382127723
9.292351143
9.220706021
9.173187942
9.134593049
9.113739382
9.110214901
9.122354098
9.150488593
9.181826338
9.194292633
9.190427041
9.161325344
9.108349279
9.036937573
8.961884852
8.905736005
8.866088261
8.831918627
8.797234157
8.768659587
8.744637072
8.726043604
8.717952897
8.730434341
8.761434441
8.811369803
8.881502805
8.954692603
9.016670365
9.064420299
9.099092468
9.126358245
9.140887917
9.132444193
9.108688512
9.083678656
9.055350805
9.025766047
9.00195768
9.0286644
9.11118211
9.251663677
9.365114722
9.468240554
9.581057624
9.700336443
9.832099923
9.924031181
9.961013614
9.970613694
9.976254882
9.981392715
9.980130005
9.97148597
9.952008004
9.919064101
9.878826318
9.847115078
9.835930034
9.841930403
9.848341098
9.838323642
9.799309095
9.751399307
9.737633712
9.777510346
9.852140212
9.944122123
10.02655747
9.981268028
9.93397949
9.881905857
9.853924534
9.784993976
9.69469849
9.521897527
9.339180228
9.245283316
9.144499129
9.080238608
9.123387442
9.206970448
9.294118264
9.362893489
9.397173789
9.374957275
9.322127211
9.239333627
9.125190419
8.975233652
8.820837744
8.676014505
8.541959308
8.426097371
8.324527157
8.241943934
8.182000563
8.136876742
8.103870795
8.091434103
8.090187614
8.111260167
8.150255127
8.186915486
8.205309768
8.219518357
8.233903962
8.258783347
8.294203506
8.322064282
8.30946352
8.248965112
8.171859012
8.107702182
8.057331291
8.019951974
8.011158909
8.052363922
8.158866726
8.301323512
8.430939561
8.515380856
8.53976016
8.524868769
8.522683674
8.545955853
8.563525507
8.569874282
8.607190528
8.662037811
8.693247259
8.707911492
8.716930569
8.725115677
8.730703056
8.734760638
8.741417081
8.74053334
8.729531462
8.714757518
8.697871652
8.650010046
8.609056747
8.598921451
8.623014802
8.661060085
8.684877288
8.738238468
8.800757194
8.849408715
8.871875482
8.869542015
8.864968447
8.870129068
8.854326374
8.834537304
8.814483095
8.802871639
8.799456744
8.803021142
8.804715878
8.800978251
8.784735263
8.747918018
8.694224657
8.620788209
8.526325188
8.441305362
8.390688422
8.36965453
8.357770819
8.348673879
8.342192772
8.35038031
8.396091151
8.46666171
8.534076264
8.584772588
8.609201308
8.634394298
8.653903795
8.673974685
8.689094562
8.71150842
8.729909994
8.752685135
8.786664712
8.827714489
8.871851295
8.9253576
8.969560965
9.007965695
9.060624027
9.14915186
9.278222101
9.440504493
9.610711726
9.797565929
9.964858775
10.10338319
10.19521569
10.25496786
10.27562711
10.26204058
10.22477307
10.17145984
10.10977243
10.07106374
10.05262262
10.0544425
10.06144292
10.06322282
10.05473986
10.05020034
10.04001954
10.02861031
10.01144279
9.988651989
9.961313757
9.93936514
9.922606914
9.911533042
9.906049949
9.907896753
9.913299459
9.917770378
9.92324267
9.931346788
9.938551937
9.937630707
9.919527031
9.88114873
9.824979779
9.768011915
9.714514199
9.674002319
9.654251633
9.65267493
9.665877792
9.687957261
9.712991462
9.732609719
9.749776691
9.769631502
9.798222937
9.839544942
9.894101657
9.76618846
9.570666248
9.428225678
9.330166234
9.184719054
9.039639282
8.920934517
8.842519722
8.775495714
8.750692613
8.755546447
8.786780303
8.833959221
8.898160774
8.987053779
9.036966066
9.072775967
9.092952733
9.092911829
9.063995764
8.985202386
8.848522826
8.671973975
8.491253336
8.296519471
8.104331504
7.980653735
7.991429984
8.137887564
8.352649871
8.491532989
8.571221247
8.640484055
8.704536584
8.767390272
8.802818012
8.804272321
8.797947982
8.792112101
8.791005645
8.791658145
8.792383813
8.798663376
8.813523903
8.844329815
8.890423013
8.945398322
8.978600811
8.976216999
8.958827574
8.945967604
8.955026475
9.001417366
9.077383513
9.171511381
9.187763444
9.202211707
9.225757586
9.255047735
9.282293088
9.303929834
9.312069057
9.302123055
9.287477504
9.270022296
9.254098654
9.219269301
9.201934997
9.199738117
9.196593475
9.192114158
9.17728214
9.150174361
9.111467857
9.062625753
8.998524545
8.921304928
8.850577371
8.804181332
8.777956851
8.765898838
8.762657275
8.772347387
8.805754007
8.865704249
8.937104436
9.004865285
9.067099621
9.10840896
9.099210378
9.054361833
9.007767187
9.004984429
9.020599315
9.046784554
9.069057328
9.086038997
9.100403544
9.099955536
9.07592253
9.027667751
8.962258359
8.889323966
8.823354327
8.774039896
8.732085827
8.670616265
8.602219725
8.548630334
8.512754744
8.496228447
8.483093839
8.472887218
8.467700738
8.461643855
8.474931551
8.514802946
8.565135689
8.633178151
8.717114367
8.787213347
8.864161576
8.944210068
9.031557071
9.105818772
9.155705459
9.17621745
9.167481704
9.146828136
9.131615527
9.130196124
9.159801224
9.249964224
9.427423011
9.70058124
10.0261965
10.34471094
10.59478188
10.74462242
10.78815803
10.75715
10.6862736
10.60734887
10.53275286
10.48785434
10.49874407
10.61137908
10.86742295
11.25587564
11.71468435
12.05423948
12.48684802
13.04251446
13.39053939
13.41262111
13.45292275
13.5737136
13.7069973
13.90322912
14.09771389
14.23616621
14.3818237
14.37948505
14.26092111
14.20364449
14.19360778
14.21831705
14.28159003
14.35840013
14.44726312
14.5084956
14.56594546
14.62268146
14.66098974
14.66372835
14.63511797
14.58651266
14.54032565
14.51685728
14.52415736
14.54921867
14.58634398
14.60911323
14.63513458
14.65726199
14.66966918
14.6747537
14.66871351
14.65667737
14.65691259
14.69729645
14.79669408
14.88192915
14.94188112
14.99579561
15.03314457
15.07123721
15.10539507
15.10540833
15.08892404
15.03382683
14.9711742
14.93282535
14.89753632
14.84243704
14.78201208
14.72459694
14.68077973
14.67276106
14.71334254
14.78664682
14.96820704
15.23301057
15.44838785
15.43629797
15.42218129
15.40546767
15.3912214
15.37139218
15.35315306
15.34355502
15.33503777
15.32873142
15.32504101
15.32189591
15.32405246
15.32929881
15.3286381
15.32696006
15.32332057
15.32325056
15.3230097
15.31913209
15.31318632
15.30478209
15.28657299
15.25384686
15.23139525
15.2380761
15.2595767
15.33019838
15.40084825
15.4991397
15.63893833
15.82131299
15.99793767
16.16698437
16.31290102
16.2932128
16.25281735
16.24047015
16.26158624
16.30513624
16.29020149
16.22264026
16.17834874
16.16082961
16.14996712
16.14601389
16.14307526
16.12950533
16.10985803
16.06157008
15.94963016
15.83795945
15.74900878
15.63311877
15.46334374
15.32705993
15.21770046
15.14369138
15.12251507
15.11748558
15.11378429
15.10768858
15.09766067
15.09595791
15.10063365
15.11158448
15.120361
15.10945535
15.05544714
15.00188243
14.9882843
15.01177612
15.04300153
15.08691403
15.11588063
15.14225453
15.16549558
15.1865121
15.20452115
15.20087776
15.18856356
15.16554746
15.14700004
15.12849701
15.12071388
15.11452538
15.11418086
15.11991538
15.12679299
15.11734174
15.10659301
15.12496772
15.15546156
15.20149227
15.22708566
15.24653586
15.26820631
15.29650698
15.32265214
15.32994083
15.32743512
15.32886487
15.35134818
15.39353365
15.41316269
15.40570166
15.3912846
15.39386355
15.39845255
15.39154577
15.37985674
15.37477372
15.38982347
15.43759254
15.49036908
15.53161931
15.58290518
15.64653362
15.73157895
15.85153215
15.99582993
16.14334686
16.28925878
16.41980205
16.51374175
16.56859333
16.61365354
16.67137035
16.73025188
16.74733038
16.60639679
16.47358705
16.36466899
16.26413142
16.19226381
16.15099679
16.13208775
16.14378372
16.18151347
16.22466739
16.2791059
16.33793718
16.40470574
16.46723807
16.49007256
16.47474194
16.44012137
16.37693041
16.28745092
16.22611726
16.18167127
16.18918115
16.26282875
16.36838281
16.48602648
16.40222903
16.26336267
16.11549967
15.9419038
15.7890361
15.62543228
15.41478123
15.11171322
14.75097608
14.46237299
14.18844763
14.04072309
13.99876201
14.00681214
14.12012425
14.23095615
14.41768446
14.60657887
14.73427584
14.81888916
14.85944605
14.85382092
14.78020714
14.60622629
14.41642531
14.22688245
14.10875166
14.07670283
14.10026464
14.23453626
14.42192744
14.73601166
15.06264195
15.45914508
15.83404036
16.13168383
16.30468615
16.20108049
16.05470087
15.95778846
15.88375184
15.83752816
15.81117267
15.79652979
15.78936317
15.78589056
15.78355421
15.78455749
15.78377535
15.78837878
15.79797233
15.8085885
15.8164225
15.81873455
15.81387221
15.80039074
15.78199842
15.76377702
15.74921361
15.73717122
15.72614707
15.71943205
15.71941294
15.73087739
15.74994886
15.77119926
15.79652029
15.82505625
15.85811681
15.90947503
15.98345112
16.08402484
16.20401169
16.26765451
16.26527743
16.26371714
16.25450101
16.23102092
16.21082117
16.19222936
16.17541863
16.16438894
16.15704108
16.1531104
16.15178771
16.14974169
16.14495555
16.13950813
16.12612636
16.10507914
16.08143026
16.05953973
16.04089476
16.02657959
16.01714083
16.0125594
16.01418302
16.02335971
16.04152078
16.05963504
16.07489835
16.08513833
16.08879487
16.07375701
16.05137656
16.00756067
15.97196913
15.9227195
15.86444672
15.79985476
15.73874053
15.678462
15.62913687
15.60554911
15.58517798
15.58425229
15.59884958
15.62021671
15.64688698
15.67181829
15.69736751
15.71513522
15.72411299
15.72686749
15.724007
15.71709584
15.70748476
15.70054036
15.69825692
15.70069935
15.70849108
15.71789448
15.72406295
15.72413892
15.71899114
15.70960796
15.69615816
15.68109179
15.66658848
15.65534879
15.65375147
15.65672713
15.66154555
15.65692037
15.64640471
15.63787266
15.63004252
15.61571853
15.59174348
15.55960451
15.52226894
15.48802048
15.45713879
15.42979937
15.41016368
15.39861791
15.39108663
15.38664605
15.3846833
15.38047061
15.37906053
15.37971536
15.38155876
15.3854411
15.38961246
15.39139799
15.3893838
15.38199308
15.36711346
15.34754763
15.32631792
15.30749804
15.29156371
15.27669247
15.26202419
15.23907117
15.19922797
15.13823046
15.05439338
14.97346056
14.90592735
14.84412841
14.79398493
14.75013817
14.70665774
14.65585847
14.59848122
14.54021645
14.49875083
14.46453308
14.42999033
14.39156614
14.36401611
14.36071333
14.37821759
14.40470868
14.42393887
14.42730551
14.4232714
14.41766461
14.41400692
14.41098262
14.41194745
14.41377072
14.4146252
14.41374789
14.41331219
14.41399402
14.41531888
14.41489811
14.4125956
14.41307598
14.41434137
14.41407639
14.4101448
14.40310476
14.38695029
14.35842404
14.32044516
14.30133987
14.30162495
14.29492074
14.2597374
14.21325141
14.18473083
14.16139845
14.1313166
14.09663318
14.07072717
14.0503233
14.04177958
14.05782189
14.09975838
14.17793604
14.11027448
13.88406282
13.65662235
13.4129432
13.13283087
12.86080202
12.60345411
12.27420424
11.87370213
11.61983523
11.33973762
11.09173007
10.85568943
10.58202287
10.42675603
10.24589112
10.03579837
9.838800548
9.669794454
9.246052286
8.913152329
8.624867646
8.431426511
8.406942346
8.241687054
8.184498594
8.217668121
8.259820815
8.286069223
8.292100815
8.275614422
8.249114249
8.170341158
8.083686847
8.029360775
8.005015708
8.006173613
8.024468791
8.067208978
8.149489835
8.215322962
8.26938571
8.331480456
8.406622442
8.505633451
8.597033064
8.635008934
8.625565883
8.614236169
8.608800852
8.612806242
8.628645085
8.665153579
8.722975825
8.7718337
8.812705829
8.818769781
8.749474646
8.591245529
8.478477156
8.397472805
8.34327645
8.30489156
8.277092232
8.261296255
8.25603923
8.283912662
8.368991347
8.506336431
8.632240242
8.734171038
8.769750919
8.75077108
8.731766367
8.731845005
8.771701604
8.848589109
8.944509145
9.056167495
9.159434211
9.259192255
9.353682122
9.422282196
9.481264211
9.516149347
9.514618919
9.489079473
9.427538332
9.330314954
9.229723073
9.150907553
9.107399047
9.111753595
9.151346814
9.199308942
9.245484461
9.290061698
9.325237191
9.356197576
9.377299218
9.390915141
9.392823633
9.316754796
9.28414995
9.271699558
9.257413831
9.234040075
9.204933287
9.172094703
9.12757764
9.093188711
9.028268289
8.995584676
8.954526462
8.935513256
8.938319242
8.960331598
8.99611103
9.037141772
9.068036723
9.060095106
8.99226842
8.87379888
8.848787955
8.859280056
8.881549514
8.913707622
8.954646276
8.999691322
9.03951743
9.074612645
9.092759226
9.018147293
8.932719199
8.850921635
8.753507184
8.623071206
8.494318915
8.427306057
8.463780483
8.604555862
8.812978529
8.937074024
8.913720461
8.884461101
8.860263356
8.84465653
8.811986705
8.770442516
8.744071042
8.736674926
8.731274868
8.722646191
8.709723281
8.697950595
8.706128902
8.726858327
8.759860341
8.792782416
8.818093331
8.806967439
8.796139729
8.822203144
8.848180086
8.838521322
8.723466151
8.640243991
8.606116812
8.626549291
8.683948257
8.76958943
8.864014718
8.927849528
8.954857144
9.018791291
9.089506752
9.133091096
9.155210156
9.158436172
9.148063567
9.133758313
9.120015703
9.176887767
9.311551347
9.475216612
9.607744776
9.772884509
9.882367633
9.837473003
9.803740072
9.766012688
9.741669838
9.731773359
9.732079102
9.752772304
9.799914897
9.877260843
9.978429896
10.0862309
10.20372066
10.28125121
10.33885017
10.37897498
10.41196127
10.4291608
10.44245729
10.46144327
10.48467581
10.51009619
10.53763973
10.56651952
10.58388418
10.58837998
10.58586543
10.56971404
10.52476116
10.46450036
10.39576124
10.36521478
10.37516196
10.41248884
10.46002927
10.50434813
10.54594044
10.58255818
10.60920843
10.6214028
10.62483799
10.63639714
10.6490507
10.66282026
10.67668997
10.69131509
10.71207961
10.74124019
10.77751294
10.81605551
10.85105522
10.87327378
10.88829569
10.89806341
10.88049414
10.86314535
10.8488244
10.84256591
10.84413186
10.85431229
10.86555755
10.89173732
10.91269465
10.96636859
11.08621777
11.18349765
11.22958174
11.29344309
11.3897343
11.47648505
11.59277998
11.72718446
11.87309491
11.93282734
11.95953795
11.98548966
12.01584938
12.05111086
12.09199073
12.14583685
12.20363664
12.25404852
12.29399996
12.32870494
12.36014521
12.3915161
12.4211368
12.45339594
12.48370062
12.52836595
12.60684281
12.7383776
13.02906726
13.29040284
13.30046397
13.34221631
13.38492537
13.4071177
13.4149449
13.41755509
13.41504834
13.41078547
13.40975394
13.41144573
13.41800926
13.42721306
13.43606347
13.44184983
13.44357907
13.43497639
13.4114724
13.35319081
13.27799643
13.22891299
13.20626523
13.20883651
13.22765856
13.25339702
13.2852149
13.31419899
13.32290866
13.32022301
13.3240736
13.34180567
13.38418791
13.42974736
13.46852044
13.48681039
13.4704799
13.42402506
13.36844581
13.29723697
13.23100849
13.17559328
13.13211956
13.10025526
13.08641265
13.09445888
13.12969669
13.1918518
13.27895201
13.37885671
13.49482564
13.62792986
13.77161512
13.85477582
13.89135665
13.927978
13.96495711
14.00109682
14.02055512
14.014038
14.00656294
14.00207354
13.99311598
13.99568171
14.00899448
14.00513916
13.93278081
13.87129017
13.82718151
13.81088061
13.8239802
13.86632163
13.93819265
14.02312501
14.09846678
14.1615924
14.21043102
14.24491872
14.26443654
14.27298329
14.27371591
14.27914781
14.29680696
14.31488504
14.30042761
14.28724822
14.27153596
14.25469652
14.24470783
14.24052054
14.24233361
14.24713487
14.25260901
14.25676065
14.26072049
14.26633681
14.27613001
14.29064105
14.31707238
14.35097985
14.40876983
14.47783862
14.54921965
14.61077091
14.66392833
14.7273684
14.80669782
14.89953635
15.00569808
15.1190175
15.20857566
15.26270559
15.28762198
15.30465778
15.32526597
15.34480615
15.36618534
15.388378
15.40326957
15.41359333
15.42506668
15.43415061
15.43571505
15.43757401
15.43365196
15.42867289
15.41469307
15.40333087
15.40339959
15.41590594
15.43287707
15.45132112
15.45756172
15.45263665
15.44135425
15.43178233
15.42084182
15.4067249
15.39563372
15.39130226
15.39652755
15.41232087
15.43752768
15.45298102
15.44365992
15.40550202
15.35329468
15.30343048
15.26211604
15.27070301
15.29214464
15.3133171
15.32845985
15.33551165
15.33125838
15.3203684
15.29922907
15.26768819
15.22583238
15.175506
15.12011123
15.07122582
15.03339674
15.00163451
14.97581439
14.95452281
14.93466836
14.91706907
14.89892187
14.88650587
14.88130048
14.88531425
14.90168107
14.92086709
14.93583785
14.94788845
14.95719142
14.96973035
15.00163928
15.05265341
15.13906295
15.23458721
15.34847595
15.354627
15.35249244
15.36285963
15.37218598
15.37760382
15.37430943
15.26548525
15.16283156
15.06703181
14.98753888
14.93898858
14.89690447
14.8729648
14.85884531
14.85874037
14.86361393
14.87248003
14.89263832
14.92170691
14.96058053
15.00355869
15.0392724
15.03347667
14.96581952
14.87103238
14.77118009
14.66036526
14.54743007
14.4227735
14.28028382
14.10190402
13.90454605
13.67733743
13.43094883
13.19308686
13.01282302
12.90578055
12.84957843
12.851925
12.88773716
12.91090933
12.91659648
12.91400911
12.90674152
12.9003459
12.89768206
12.89379289
12.88879714
12.89236938
12.92703155
12.98430868
13.05936369
13.13818569
13.22451548
13.29222712
13.34500902
13.38506965
13.44722946
13.50852824
13.56056952
13.53865409
13.51735081
13.54905245
13.61013123
13.68345039
13.7161219
13.70198902
13.64818539
13.56874046
13.48132028
13.40227487
13.33507375
13.29114227
13.29049217
13.30241807
13.34527057
13.40029796
13.35533965
13.25287028
13.15436647
13.06360983
12.98373136
12.91784458
12.8743283
12.84765566
12.81919239
12.80056207
12.78928337
12.77745175
12.7814334
12.79246965
12.80016086
12.79209168
12.60435641
12.39407289
12.13751181
11.82833407
11.50498141
11.21563686
10.98059616
10.78313131
10.63750126
10.54246598
10.49086419
10.34274988
10.28634935
10.27962734
10.28054436
10.28886479
10.31480659
10.34412459
10.3475039
10.34924014
10.36377522
10.33265104
10.27318361
10.20824796
10.15255576
10.11034265
10.08274416
10.08334712
10.13055974
10.21989756
10.34223673
10.45109641
10.44122431
10.41743075
10.39967537
10.39029963
10.38514783
10.37012128
10.27851261
10.18383564
10.14477501
10.13834575
10.13244327
10.12542695
10.10866444
10.09690349
10.09803119
10.10860217
10.12078346
10.13471321
10.02718663
9.859625231
9.692403721
9.549350748
9.435654314
9.321453527
9.19654681
9.051474869
8.901307994
8.735577823
8.584795917
8.46102846
8.414142066
8.431591084
8.472600195
8.496972611
8.519215238
8.535420499
8.54432364
8.544976562
8.54777854
8.554145691
8.534776902
8.474317121
8.404993807
8.351420102
8.311909475
8.301702614
8.307891601
8.323377448
8.339057546
8.321350893
8.283151084
8.225504837
8.165629989
8.104195589
8.047585465
7.9970148
7.973087701
7.960998355
7.950735037
7.944465885
7.949356715
7.96348308
7.981965719
7.990336184
7.988436448
7.981494362
7.977094881
7.971774257
7.962656721
7.951728144
7.940298113
7.931328364
7.925872336
7.931831559
7.9589676
8.009933861
8.073230434
8.122565859
8.152859389
8.162970219
8.162803735
8.154783972
8.141471013
8.121785628
8.098638759
8.078491321
8.070915975
8.075246626
8.093076347
8.122800089
8.156081976
8.186653385
8.212573033
8.235748813
8.255902346
8.271137901
8.286341991
8.304938068
8.322712297
8.323654148
8.301364869
8.267534522
8.199151521
8.124626151
8.071367931
8.036104865
8.027598579
8.049375275
8.090422782
8.120748141
8.103846082
8.098758871
8.075035818
8.0390504
8.016483729
7.956003204
7.931642188
7.943994103
7.964348868
7.939541412
7.883966337
7.81227966
7.72782667
7.66006188
7.581381816
7.451655021
7.371988749
7.279857846
7.208156591
7.15537813
7.122517605
7.116596285
7.127386396
7.135464262
7.126384801
7.098337178
7.066162915
7.043062587
7.032991321
7.028504917
7.016465984
6.970828033
6.915398937
6.876917485
6.857263053
6.86077102
6.895258792
6.950589178
6.984035407
6.972584444
6.917212852
6.849168279
6.76022243
6.703105366
6.678479537
6.670980568
6.679074979
6.695080605
6.709775387
6.714640936
6.707020301
6.688421596
6.661989558
6.637379291
6.618003462
6.612179858
6.613252841
6.624057343
6.633623808
6.626954852
6.602900804
6.55020079
6.488418973
6.421544867
6.37306139
6.335454017
6.313047178
6.286090409
6.253326294
6.215516903
6.165589814
6.109287115
6.059724153
6.03264084
6.029047272
6.039094399
6.066997787
6.110181516
6.128611687
6.139756469
6.151543847
6.1552495
6.134052516
6.08953242
6.037509496
5.98609075
5.935176194
5.896537424
5.863972805
5.811831036
5.753901775
5.71457307
5.685486154
5.680869797
5.698948834
5.720755304
5.765038933
5.826838374
5.892059718
5.947361837
5.973423751
5.965566056
5.945326616
5.938797658
5.955531798
6.001079462
6.060451201
6.101979494
6.124572272
6.12517018
6.126982232
6.134187775
6.155293657
6.221776178
6.332798115
6.496547075
6.676718604
6.816617509
6.850316908
6.822295959
6.799233915
6.794447893
6.815076988
6.835604066
6.83888678
6.824887134
6.799515836
6.768782868
6.729858442
6.690384715
6.654858941
6.640342078
6.64349734
6.675317238
6.733156594
6.80134383
6.890780285
6.979277729
7.060062629
7.124001684
7.165546892
7.178523554
7.171884574
7.137332483
7.091108729
7.046999776
7.013908873
7.001426007
7.024667329
7.082344061
7.133794076
7.167081939
7.177838009
7.177931678
7.176658083
7.173007452
7.180019965
7.205534493
7.267186151
7.35204869
7.446996316
7.454562834
7.390059532
7.336801691
7.291589428
7.245129627
7.191244062
7.168522868
7.135392089
7.124288825
7.118489554
7.119301374
7.122987563
7.128265436
7.129631946
7.130045259
7.130145574
7.133824154
7.138841536
7.141508152
7.142255267
7.144502151
7.152378684
7.165506964
7.177182297
7.186360808
7.210095258
7.255296811
7.324492182
7.383240702
7.284018584
7.225671002
7.223532542
7.26576282
7.330829048
7.376640525
7.398726493
7.408402915
7.414340079
7.421618005
7.430028673
7.42525044
7.398096159
7.357815523
7.325599479
7.319480889
7.342212273
7.39174342
7.443649314
7.490438088
7.532007583
7.565254529
7.599587163
7.627194448
7.652676118
7.662412693
7.657682324
7.628374072
7.592751143
7.550407767
7.51281597
7.47357673
7.429354784
7.386833912
7.337807706
7.29118331
7.249101123
7.223284994
7.227832579
7.259225303
7.315420497
7.389594944
7.474307877
7.564639963
7.643250933
7.711248792
7.771495174
7.830602197
7.891771894
7.963389669
8.045085819
8.152969929
8.285710123
8.420080217
8.555408186
8.68304384
8.806556483
8.927541881
9.045764598
9.135996111
9.172172685
9.186931982
9.191406042
9.1982017
9.209746539
9.218242049
9.218411197
9.207880886
9.175843298
9.119946687
9.049141872
8.978334735
8.920070165
8.880157799
8.869180733
8.884710668
8.89968148
8.914506799
8.923353938
8.927155704
8.925107567
8.910524647
8.878627304
8.834896765
8.774114893
8.69279966
8.594605005
8.499359556
8.446623214
8.439002009
8.450779954
8.452553777
8.432290058
8.392048806
8.347009944
8.329722067
8.337800037
8.363227313
8.399475885
8.451242064
8.521471729
8.608363817
8.673328175
8.727007493
8.741724733
8.719869234
8.66406228
8.593183464
8.516617183
8.456699145
8.407224804
8.35789063
8.318990253
8.283790055
8.268800987
8.286721779
8.337100004
8.415830124
8.519309271
8.621110122
8.71605091
8.803131643
8.896236211
8.998057156
9.107970769
9.224306146
9.29905611
9.256902336
9.165708896
9.039610797
8.872565567
8.689002367
8.506408744
8.364106452
8.283208076
8.260901445
8.257582908
8.257141144
8.25563897
8.259692654
8.263453525
8.274672289
8.295622823
8.305749318
8.312747579
8.324276262
8.342631747
8.375216012
8.41835053
8.468842678
8.538912507
8.614752611
8.717158675
8.886204698
8.995815258
9.064541817
9.11740214
9.14536104
9.135750278
9.091587085
9.027124221
8.968009041
8.937317319
8.945834882
8.963330908
8.964160769
8.927562711
8.849276161
8.761896493
8.696749915
8.681488482
8.681216595
8.698151241
8.725077968
8.752234037
8.788064722
8.819671635
8.841838617
8.83789656
8.808425936
8.767434326
8.729279098
8.677181785
8.613806053
8.564115163
8.523574898
8.506439014
8.507943985
8.520254574
8.540004724
8.567485277
8.598434004
8.638222221
8.691864893
8.751420042
8.822897114
8.901054071
8.979212596
9.056436023
9.111470997
9.117684554
9.133805299
9.14854362
9.160124496
9.165465421
9.165510683
9.165928955
9.189737476
9.270266112
9.412961777
9.549629376
9.668557629
9.713339032
9.734054438
9.69570477
9.631389429
9.572248987
9.516218496
9.459199829
9.397997306
9.259703624
9.100560735
8.92821805
8.806712421
8.75360687
8.73012793
8.716868208
8.714888835
8.73063424
8.76724832
8.828487423
8.894005641
8.953556709
8.992005931
9.011142826
9.015858031
9.01919099
9.026751814
9.020908546
8.998742334
8.961742787
8.911060841
8.866798157
8.835541167
8.819217475
8.809361325
8.807112
8.806074032
8.820174426
8.857019182
8.896511174
8.940884356
8.979473867
9.021485749
9.060671392
9.085654834
9.085023449
9.058738717
9.012595264
8.935628522
8.851576183
8.760231031
8.682353519
8.630453625
8.608382097
8.622286494
8.674141253
8.742562539
8.839786895
8.943906182
9.053157858
9.181773367
9.328534755
9.465203254
9.599291465
9.686044891
9.708483704
9.71994492
9.71844217
9.713474522
9.735271186
9.782180791
9.794584016
9.769441149
9.728508077
9.70131707
9.662350403
9.578378696
9.496733154
9.432386617
9.387825395
9.374722286
9.381502567
9.391573181
9.394888572
9.389111389
9.376978856
9.359268723
9.335791423
9.304504854
9.264911489
9.233617142
9.219325161
9.24066196
9.277613072
9.300711217
9.290112512
9.272981602
9.299912926
9.358984428
9.373037514
9.394862687
9.432130309
9.433661988
9.452387505
9.49429863
9.583111857
9.715927745
9.882149052
10.07437419
10.28417408
10.52119405
10.78257677
11.06617081
11.22875879
11.31307847
11.33645092
11.3459589
11.33271391
11.30685554
11.2837083
11.29004029
11.33565592
11.36809984
11.43256509
11.52306218
11.63525922
11.73410493
11.83891153
11.91973522
11.98762709
11.9909214
11.97600565
11.9542523
11.94327992
11.96031182
11.99972605
12.05265153
12.10296304
12.14422318
12.17749317
12.2087944
12.23527904
12.25123598
12.25762251
12.25471157
12.24043282
12.21967587
12.19375919
12.1751905
12.17282747
12.18765141
12.21041359
12.23716242
12.26606546
12.29342165
12.31771539
12.34024114
12.3586093
12.37207297
12.37564178
12.3543478
12.30151094
12.21345807
12.10721731
12.00806085
11.92913206
11.89554385
11.8811164
11.85947367
11.83569698
11.81875178
11.80987762
11.80873775
11.81492517
11.82038447
11.81844677
11.80747055
11.78994851
11.76758988
11.72545585
11.66255079
11.57193804
11.38362867
11.22465458
11.10291395
11.00934828
10.94312207
10.90158856
10.88243585
10.89638311
10.93631455
10.98844641
11.05276138
11.09932773
11.12570703
11.12972305
11.11900485
11.11180687
11.11643918
11.13539367
11.15877806
11.17433406
11.17151476
11.15365288
11.11422945
11.06036253
11.01010578
10.98488272
10.98107817
10.99423283
11.03087064
11.08557386
11.14838934
11.21175879
11.26785261
11.30246327
11.3216749
11.33779726
11.34682505
11.34840209
11.33512715
11.30723382
11.27449421
11.2421377
11.21868735
11.20270132
11.20641148
11.23185538
11.26868286
11.31042402
11.35859025
11.39969353
11.41857996
11.42539062
11.42463937
11.41639488
11.4100277
11.41376196
11.42263203
11.43580165
11.44849505
11.47123496
11.52693604
11.55749651
11.56813118
11.56851823
11.56749432
11.57106402
11.5780778
11.58962676
11.59154594
11.581081
11.55806214
11.53313821
11.48736284
11.42575746
11.36017321
11.29381548
11.23737899
11.19745061
11.16953493
11.1462591
11.128187
11.11300922
11.10531529
11.10571976
11.11325636
11.1223275
11.12863306
11.12596546
11.10880429
11.07545618
11.02441056
10.95566946
10.87668728
10.78497118
10.68466176
10.58604651
10.4995098
10.43716129
10.40656039
10.3902363
10.40306001
10.45002872
10.51705311
10.59755753
10.69320821
10.80488186
10.90002036
10.96899544
11.01563928
11.04600459
11.06153038
11.07226674
11.08487056
11.0970308
11.12102583
11.17647559
11.28186608
11.39332078
11.44812769
11.45386672
11.4756075
11.52516001
11.52522331
11.46977583
11.35829302
11.21753841
11.04552412
10.84319917
10.64068523
10.48402907
10.3935373
10.36882175
10.36042193
10.35453828
10.34754261
10.34047857
10.34188264
10.32570704
10.27529299
10.20166659
10.11916918
10.03396798
9.971739892
9.938953509
9.920493202
9.911641287
9.902184841
9.89199487
9.880497235
9.876273061
9.87053995
9.853711129
9.824550251
9.78404659
9.742010511
9.697904353
9.663465156
9.638956825
9.627326387
9.631223079
9.658504778
9.708585373
9.778259405
9.833676952
9.921924981
10.04253117
10.20077894
10.36533623
10.46556795
10.51842136
10.52735553
10.534593
10.51321533
10.49034056
10.52379201
10.63763439
10.81145988
11.00579655
11.1689714
11.35287109
11.57037292
11.81060316
12.02455369
12.24342543
12.36421612
12.49096124
12.48049511
12.34577751
12.23538309
12.1481804
12.08093861
12.03367016
12.01418491
12.01733981
12.04407323
12.077124
12.09770694
12.1084425
12.10474647
12.08508937
12.05394161
12.01411347
11.967529
11.93355499
11.89636878
11.86987997
11.85080382
11.83907345
11.83447982
11.84717231
11.87575729
11.88367467
11.6928816
11.41100682
11.21483201
11.05730717
10.96540716
10.90709056
10.86059037
10.82191692
10.82723744
10.8219698
10.74220969
10.65290802
10.58287043
10.52124843
10.45836204
10.41180052
10.39644099
10.42104848
10.47041922
10.55637864
10.70598169
10.90876658
11.09750389
11.17636168
11.13593706
11.0991228
11.18139328
11.39458256
11.45980386
11.44979323
11.4157909
11.39116099
11.37833448
11.37039863
11.36044772
11.34536126
11.32001579
11.28282083
11.23830696
11.19253742
11.15884087
11.14766818
11.17215627
11.28237707
11.57485137
12.03925008
12.1180082
12.15423151
12.15454694
12.15853609
12.13012335
12.10039675
12.08084625
12.09721975
12.15390196
12.22862816
12.28583121
12.32714538
12.3433579
12.33556742
12.33015756
12.34512862
12.40679131
12.50624081
12.59933106
12.67424258
12.71727367
12.74163499
12.76143537
12.78194935
12.80680088
12.82818128
12.83494166
12.84573148
12.82863624
12.81815232
12.80551404
12.8003095
12.80198014
12.81258336
12.82857826
12.84966637
12.86946283
12.88603878
12.90099015
12.92123829
12.94740801
12.97314562
12.99731792
13.01311983
13.02405311
13.03043851
13.0318195
13.03132772
13.03282277
13.03650258
13.0383964
13.04006726
13.04580885
13.06026407
13.08154077
13.10036554
13.1119767
13.11657117
13.1132182
13.10281459
13.08357896
13.05907231
13.0339401
13.00925087
12.98301849
12.97414571
13.00506618
13.07556324
13.19300988
13.35959986
13.56435294
13.76695766
13.88828034
13.96079043
14.02553532
14.05782189
14.04542217
14.04070475
14.08022158
14.18821674
14.3427
14.46594132
14.57077754
14.59284372
14.56851635
14.54178557
14.51728297
14.50383313
14.48900543
14.47014049
14.44376445
14.41681825
14.3842654
14.36204111
14.34971186
14.34333033
14.33969657
14.33181545
14.30967964
14.27339721
14.22745558
14.18475503
14.15011464
14.12703089
14.12282188
14.12824496
14.12205306
14.08888922
14.05622826
14.02637572
13.99997595
13.9564503
13.88998285
13.79824549
13.69285082
13.59218825
13.50807288
13.43457922
13.37275427
13.345262
13.351647
13.38532828
13.42522597
13.45651638
13.496617
13.54110944
13.59012845
13.63989004
13.69499754
13.75302888
13.80847323
13.85196402
13.88393712
13.90460573
13.93132792
13.97891828
14.03878412
14.12668154
14.24105594
14.37833499
14.52307194
14.60604217
14.59200556
14.58216748
14.57809281
14.57744123
14.57758941
14.57815463
14.57858344
14.58056051
14.58416858
14.59293979
14.60678845
14.62872502
14.66001886
14.70352046
14.76781629
14.84686022
14.92831745
14.99978638
15.07669298
15.14530565
15.21921477
15.3084643
15.4063015
15.49393517
15.57393741
15.64996952
15.73504264
15.83431771
15.94087812
16.04426938
16.05477215
16.02479343
16.00668711
15.96668488
15.81513904
15.67581946
15.55979482
15.46482846
15.38901941
15.33314119
15.29566528
15.28498673
15.26455938
15.24150505
15.22327289
15.2240124
15.24312399
15.2701044
15.29738042
15.31604928
15.33401068
15.34559667
15.35051042
15.34926908
15.34245578
15.33485494
15.3278579
15.31072552
15.28375785
15.24721889
15.21010029
15.18470531
15.17145114
15.16762816
15.16834586
15.16917293
15.16924932
15.17004805
15.17434745
15.18278053
15.19411277
15.2052644
15.21275979
15.22445403
15.24317185
15.26279463
15.2747849
15.25331886
15.19184267
15.10620759
15.00851008
14.92521047
14.86013051
14.80765715
14.77103482
14.74828762
14.74182827
14.74978806
14.77116363
14.78985545
14.79096385
14.78402387
14.7739767
14.76692896
14.76445075
14.76753053
14.75068223
14.65726394
14.49915239
14.33693798
14.20654679
14.11162886
14.05756851
14.04336976
14.04841722
14.05296104
14.03447219
13.97715189
13.87203886
13.7192316
13.55963906
13.45186575
13.38942618
13.37336721
13.4020646
13.446072
13.47695737
13.49923047
13.51652956
13.52848143
13.53553144
13.5502634
13.57321932
13.59754312
13.63464833
13.69715436
13.77688052
13.85141151
13.93276849
14.00626063
14.04844472
14.06865405
14.08413863
14.09376509
14.09865551
14.10022609
14.09973505
14.10062682
14.10041377
14.09877219
14.09809338
14.09810353
14.09678945
14.09316115
14.08958776
14.08737627
14.08478662
14.08316962
14.08641257
14.09155629
14.09100911
14.08213757
14.06909839
14.07569775
14.0892121
14.09616941
14.10089972
14.09838662
14.08915422
14.07094676
14.03037101
13.98783482
13.95666247
13.95988869
13.9779338
13.99536281
13.97980344
13.96802882
13.94108966
13.96442546
14.07346171
14.19479599
14.31047237
14.34001181
14.19635795
14.00220023
13.9522616
14.10379881
14.35514688
14.07147744
13.7698585
13.576092
13.48613048
13.50233397
13.54569142
13.62730003
13.67822641
13.63222452
13.40556835
13.09519626
12.80057324
12.56457093
12.43605585
12.41655689
12.46686855
12.50711467
12.5197194
12.54651912
12.58515118
12.63040574
12.70626331
12.79955848
12.86268946
12.93148487
13.01088039
13.07638484
13.12802961
13.18400498
13.26421853
13.38290635
13.54142741
13.74723719
14.00999516
14.33737001
14.75365435
15.20040345
15.72757241
16.2727307
16.50866732
16.7831332
17.19517013
17.68331442
17.86552047
17.81535517
17.89534208
17.73597058
17.61982562
17.57150592
17.56223525
17.557439
17.5313183
17.46494365
17.38099136
17.32154869
17.30724803
17.3641349
17.49884833
17.54752586
17.52082703
17.49595173
17.53346051
17.56226009
17.63479837
17.60788456
17.42753571
17.06574151
16.0324339
15.2872926
14.65528258
14.01845111
13.47938362
13.08124114
12.83605838
12.69635099
12.60142794
12.55792814
12.58923683
12.67433965
12.74387572
12.74695551
12.76556322
12.78650354
12.8086315
12.83044814
12.8350063
12.81876388
12.77608582
12.76637003
12.81885762
12.88861956
12.93840134
12.95817042
12.96612412
12.96493805
12.95199238
12.93714086
12.92864267
12.9306065
12.93524438
12.93356883
12.92468866
12.91359481
12.90849924
12.9074852
12.90829754
12.91263103
12.92375891
12.93927919
12.95161022
12.95232151
12.95369536
12.94674065
12.94112976
12.93012967
12.91903164
12.90482284
12.88878161
12.86775092
12.84220754
12.82596755
12.82108819
12.83164218
12.85852382
12.87403051
12.87306377
12.86767199
12.86870695
12.85787188
12.82406132
12.78752941
12.76506902
12.75272251
12.75142348
12.75578895
12.76108339
12.76196558
12.76292841
12.77998842
12.79978535
12.81213788
12.81761886
12.8170452
12.81051323
12.80786086
12.81230982
12.80980747
12.80833107
12.81193802
12.81497466
12.82642929
12.8497944
12.8872643
12.90671271
12.88641511
12.80620439
12.66919188
12.52842075
12.42941458
12.37492625
12.36155942
12.36435727
12.37023904
12.40504092
12.42244964
12.40890229
12.40328452
12.40178048
12.40384733
12.39833458
12.37990057
12.35849239
12.33219697
12.31773397
12.31368602
12.31591401
12.31944219
12.32761652
12.33482289
12.34023766
12.3396476
12.32536279
12.29943736
12.2828792
12.31663994
12.47630964
12.74419899
13.1128222
13.48350704
13.74096313
13.89203835
13.95846015
13.97482434
13.97350379
13.99634504
14.08189377
14.19818573
14.33361997
14.49580836
14.57294512
14.56440054
14.59563922
14.79994307
15.20580253
15.70945225
16.18917099
15.84140395
15.2193661
14.76009495
14.43078834
14.30310323
14.35406363
14.51142072
14.73090458
15.05304874
15.47216482
15.98673229
16.50587818
16.50226075
16.27682892
16.09480208
15.97823513
15.9041156
15.81986535
15.74036785
15.61383863
15.52026667
15.47357657
15.47129755
15.52306056
15.60965387
15.65115685
15.6624991
15.66075088
15.67893873
15.71527723
15.73920816
15.72471797
15.72341337
15.66651315
15.38129185
15.17557858
14.98708264
14.84744988
14.7203654
14.64963667
14.57129688
14.50356288
14.46604416
14.42885321
14.39580391
14.38514153
14.39725066
14.43010235
14.47581392
14.51268542
14.50936127
14.49722342
14.50569021
14.54854514
14.56798807
14.57415639
14.58559763
14.61873356
14.66175469
14.68197041
14.67991735
14.64638755
14.61732047
14.60695298
14.60250318
14.6179781
14.63166227
14.61594639
14.58600171
14.54994525
14.50524249
14.44944329
14.36732411
14.27400354
14.20114857
14.15174824
14.11937554
14.10372477
14.09466638
14.10452299
14.12295659
14.154644
14.19468715
14.23345489
14.26075259
14.26819874
14.24759172
14.19942091
14.14409717
14.10173461
14.0933398
14.09914557
14.10384344
14.07399839
14.04781541
14.01920418
13.97890498
13.92410538
13.85455073
13.77281169
13.68446233
13.60040015
13.54348512
13.49981965
13.4281186
13.33224034
13.24118389
13.14778884
13.03048353
12.90331185
12.77904255
12.67091142
12.60820779
12.616288
12.67526399
12.70552586
12.69650761
12.68859686
12.67287455
12.62886872
12.56198848
12.48840252
12.39044243
12.27566215
12.14486985
12.08007891
12.02926144
11.99337872
11.95792547
11.93282854
11.92315267
11.90163927
11.86695951
11.84044962
11.82271994
11.80096648
11.80626017
11.87757725
11.98475561
12.16340133
12.37043447
12.53778241
12.63805409
12.69012439
12.71494726
12.72914437
12.74106352
12.75192157
12.76146788
12.75446892
12.73227155
12.69293209
12.65966073
12.63865965
12.63411218
12.65447081
12.68787079
12.71622864
12.76028858
12.7523355
12.71227495
12.68970166
12.65931043
12.60695401
12.54576773
12.49491855
12.46826263
12.46599416
12.46925846
12.45621796
12.41354724
12.3495381
12.2822037
12.21812465
12.1502692
12.06285205
11.96094212
11.85798751
11.77737169
11.68179721
11.59212102
11.51396012
11.44682932
11.38820695
11.31880636
11.23635545
11.16487852
11.13756067
11.15612408
11.17427133
11.17459009
11.16542945
11.14805828
11.12481852
11.11758055
11.12795176
11.14878326
11.18523329
11.21529758
11.23946141
11.20273835
11.16335244
11.13507892
11.06246922
11.03987342
11.03031559
11.04037099
11.04833932
11.05510503
11.05518397
11.02928062
11.00812161
10.99735774
10.97702992
10.95593844
10.94879526
10.9708237
10.96859115
10.97839166
10.98695441
10.99249436
11.00529093
11.01195579
10.77945064
10.68484518
10.64545267
10.64072153
10.64249192
10.64063817
10.62700544
10.61110407
10.56848102
10.50040353
10.44998217
10.42082609
10.41713551
10.45296187
10.52664482
10.62959773
10.73583974
10.78973851
10.70921743
10.63599635
10.58398284
10.55144622
10.51958954
10.47127446
10.3973821
10.31493002
10.236879
10.22496334
10.18926612
10.08521394
9.987119486
9.893117003
9.872006506
9.91547097
9.959453876
9.946560166
9.764955055
9.603291889
9.46976186
9.403125536
9.378813921
9.35709961
9.340642916
9.315116361
9.288899054
9.263988125
9.236907147
9.210888113
9.188624411
9.167589372
9.144051716
9.141460674
9.160906861
9.199581066
9.250661672
9.212245392
9.117952839
9.039724736
8.954205353
8.863122218
8.766726175
8.661142667
8.577095679
8.524613702
8.48981112
8.497449043
8.47161918
8.432817643
8.392904473
8.334337047
8.263072667
8.232995281
8.215286395
8.184821936
8.083736397
7.911935564
7.726086423
7.578086617
7.49179964
7.464302942
7.461943394
7.457479105
7.436235208
7.380457911
7.305497558
7.208146668
7.080968425
6.979148599
6.93700469
6.885677716
6.872986932
6.90547086
6.961303701
7.0353463
7.110674058
7.139915515
7.157223165
7.168321315
7.172127912
7.159968847
7.145136837
7.119405859
7.098135647
7.106329297
7.094932558
7.094640197
7.113274815
7.151958661
7.194622988
7.216736748
7.219511314
7.227905808
7.236436851
7.246298404
7.253244003
7.252105933
7.24785977
7.242552517
7.235533389
7.229122884
7.223150324
7.210271836
7.180334749
7.128239347
7.060721114
6.994704832
6.944370888
6.934830848
6.943835278
6.941422462
6.969278495
6.995713011
7.027214418
7.056986184
7.07350584
7.070706351
7.049492124
7.005443772
6.953990411
6.911421967
6.897642131
6.943330531
6.952753979
6.955598884
6.962156452
6.974627561
6.998025343
7.027179812
7.030002738
7.022978941
7.027045455
7.022296546
7.006562699
6.999069833
7.003487263
7.007987642
7.005378428
6.994254888
6.972239762
6.954142635
6.937262454
6.933069
6.921990456
6.908391146
6.895887377
6.888377959
6.889339405
6.898741218
6.926938239
6.978755047
7.053052542
7.14028616
7.224960232
7.296312069
7.365788283
7.412858164
7.40186576
7.34386233
7.290392592
7.266577874
7.216437428
7.160002811
7.110138904
7.065889608
7.042361825
7.058915706
7.108108575
7.15494029
7.115955033
7.051543387
7.040444022
7.050634494
7.059695877
7.053894201
7.020574986
6.960335754
6.886211617
6.80640874
6.75407668
6.689392535
6.618178544
6.522590262
6.400883357
6.27557937
6.180768137
6.140874727
6.144738137
6.163088181
6.186556195
6.204897841
6.207336534
6.205241344
6.178365265
6.129323562
6.063016417
6.016530155
5.997407353
5.952903443
5.909608885
5.872270965
5.854771141
5.858713342
5.883969379
5.921975168
5.923755196
5.827022499
5.660620755
5.504453243
5.490174968
5.491688604
5.49655234
5.50965104
5.526284268
5.550558237
5.561917392
5.567146332
5.562974374
5.543729508
5.52707631
5.515092948
5.504190756
5.494100181
5.482762287
5.475932609
5.46554646
5.442757005
5.425738538
5.375355199
5.336279214
5.327919517
5.318825938
5.302027534
5.286842771
5.296950078
5.308164735
5.303505857
5.288814928
5.272846104
5.266042993
5.270031995
5.276542597
5.285971433
5.308194379
5.332715336
5.368314267
5.415129321
5.432275828
5.44142956
5.42941525
5.403834867
5.37358252
5.316878366
5.231916619
5.125141979
5.021504886
4.952344767
4.906784903
4.872326631
4.8506519
4.846164225
4.8514363
4.863348903
4.897703855
4.963995044
5.037500894
5.102875942
5.141683638
5.162530022
5.158366376
5.152792031
5.145327009
5.141505575
5.144195337
5.145377053
5.142946594
5.139485242
5.139808103
5.15004565
5.174699548
5.217753424
5.275176037
5.343798721
5.399915567
5.441319144
5.383335658
5.379082305
5.377845543
5.37954502
5.375592044
5.368809884
5.356808952
5.355591086
5.364297014
5.375514871
5.366696531
5.346065622
5.327769159
5.314189867
5.304743771
5.300367976
5.303907739
5.310958639
5.315689027
5.306353435
5.2986836
5.27615761
5.241291999
5.193785938
5.142465372
5.117440953
5.091737314
5.058705921
5.034148903
5.024367085
5.02432153
5.024512287
5.010707834
4.862569366
4.614749168
4.477283999
4.452813389
4.453067177
4.425176352
4.429483399
4.430758877
4.429929051
4.416232226
4.399206497
4.373000642
4.324742066
4.279232914
4.249467704
4.232230794
4.220939916
4.21274733
4.207208741
4.206566065
4.209836232
4.21460096
4.215507109
4.212350017
4.203984169
4.177769301
4.158742745
4.135912247
4.117331573
4.116723514
4.116122316
4.108577288
4.100072972
4.095918969
4.094476301
4.091267772
4.08688431
4.080866451
4.079804173
4.070832144
4.100229973
4.134704964
4.161875195
4.159234603
4.172434566
4.197312885
4.219970527
4.25440997
4.283259234
4.269296261
4.262233853
4.274326044
4.308350931
4.3422904
4.365014807
4.374256616
4.374907356
4.368510201
4.350906514
4.284317811
4.19236814
4.136005632
4.082730904
4.032715997
4.015738519
4.025764459
4.088927945
4.117185647
4.118908633
4.118432799
4.116667916
4.113069795
4.110718018
4.110617098
4.106957947
4.087034818
4.059085291
4.058873832
4.098565451
4.137973152
4.166959117
4.184618742
4.188302262
4.192668401
4.193166514
4.194285347
4.185791122
4.186891426
4.188182718
4.204263186
4.244037709
4.291090522
4.339736511
4.395888462
4.453388407
4.506439688
4.567986312
4.644005979
4.718555573
4.786066957
4.811705883
4.794461417
4.750161018
4.715777743
4.840647042
4.915208934
4.922961887
4.928497219
4.940316664
4.948090989
4.957754962
4.969375283
4.976951883
4.975396659
4.962672133
4.945627212
4.949628781
4.957798242
4.934919238
4.933829186
4.931042082
4.937388358
4.941723719
4.932872294
4.914015535
4.888766877
4.856923555
4.828613257
4.815655355
4.818544827
4.832169996
4.848584132
4.865101669
4.883218733
4.899514404
4.907539927
4.901283423
4.894323346
4.879060082
4.856670252
4.84588084
4.94636763
4.992371462
5.001849786
5.008297711
5.019755436
5.033813582
5.051263277
5.062790474
5.064573075
5.056991972
5.054920881
5.062940225
5.088553182
5.135325196
5.169676898
5.174500505
5.172252445
5.165358388
5.157991982
5.14117169
5.111679257
5.061287064
4.991236636
4.944742034
4.931834
4.931903613
4.931137815
4.930949248
4.933977053
4.946298221
4.963484944
4.966668611
4.958793597
4.958066575
4.938106838
4.913232391
4.946445715
5.049747937
5.192295661
5.215054969
5.198111103
5.187491359
5.178955026
5.172291166
5.167241259
5.163070329
5.162064482
5.172360308
5.203252018
5.258904671
5.31979139
5.365520902
5.389929685
5.379079646
5.39695567
5.410517601
5.396054395
5.375778319
5.318126616
5.258523833
5.217309262
5.206519867
5.225552996
5.262450577
5.313802223
5.316859532
5.318602703
5.319148672
5.317432582
5.308264446
5.295829197
5.286301584
5.284068603
5.262852876
5.248636886
5.23494797
5.237849207
5.254713939
5.271774369
5.283413416
5.283137238
5.240093694
5.187797446
5.148992807
5.132023163
5.023894436
4.905939372
4.91867979
4.970071869
5.013750243
4.906988975
4.836602629
4.834008049
4.824597301
4.797354708
4.772316159
4.714882788
4.648021006
4.589537265
4.551446563
4.529809131
4.519635278
4.52473771
4.544879279
4.575649178
4.625598353
4.691679045
4.74773614
4.797360672
4.811022049
4.788836874
4.785212053
4.869043085
4.904831213
4.893326571
4.877588025
4.856496467
4.825551949
4.786153635
4.751633413
4.731543572
4.745050763
4.778208644
4.822868374
4.8558484
4.858410706
4.788329026
4.632455745
4.60380295
4.606989874
4.602786771
4.627017638
4.660300113
4.667388497
4.664012813
4.662414566
4.65709438
4.647091454
4.616707869
4.60360719
4.607716407
4.602040808
4.609044985
4.625193205
4.635490274
4.647171489
4.637551263
4.583124445
4.540492661
4.518900914
4.530232282
4.552763282
4.569670803
4.584887617
4.587775881
4.584288526
4.573563422
4.555263686
4.538434877
4.526640554
4.523975716
4.521113139
4.544416569
4.577687109
4.559585895
4.499266247
4.491380702
4.48614467
4.47754279
4.453231007
4.415898574
4.374099639
4.336148644
4.313915518
4.305085816
4.306487827
4.317011588
4.338747506
4.367377043
4.406195458
4.447573765
4.466872027
4.451788451
4.439705959
4.421567225
4.39948939
4.388863533
4.392613514
4.391929568
4.395751784
4.400984845
4.397411166
4.381615133
4.348726126
4.29997225
4.250682776
4.223948349
4.218899194
4.226677123
4.251264945
4.28713162
4.304640533
4.280609974
4.270241053
4.26806973
4.270324801
4.266443866
4.26078035
4.250403441
4.235595978
4.2219328
4.213436595
4.209917784
4.211456776
4.21852959
4.229958797
4.245412707
4.261925067
4.285953583
4.30393596
4.309439859
4.306594122
4.308563426
4.327351084
4.381520453
4.414848865
4.434647624
4.447248899
4.45380276
4.461369963
4.466948887
4.473998289
4.446261286
4.412324006
4.386307409
4.38272829
4.39878375
4.435857119
4.46809201
4.474052644
4.468735488
4.49726912
4.548560391
4.620260542
4.638751027
4.608774954
4.586098039
4.567663746
4.554478531
4.546603794
4.543443781
4.546833471
4.564367879
4.602559887
4.663316523
4.744496018
4.829990656
4.903781148
4.91439105
4.87323964
4.845517728
4.870858414
4.878165758
4.893516588
4.904492884
4.907548672
4.89904139
4.887201153
4.867150663
4.843654509
4.828838407
4.829460478
4.8474304
4.880144779
4.914958636
4.956620869
4.989040762
5.00658079
4.989809141
4.978147437
4.970805769
5.019111349
5.067377072
5.049946231
5.02942961
5.010156806
4.995986281
4.980833511
4.963286077
4.951414565
4.94767177
4.955027507
4.969501942
4.983684624
4.98605787
4.990325151
4.928897752
4.870934772
4.868922627
4.882588862
4.896479895
4.90411661
4.910113132
4.914114511
4.91634967
4.91771704
4.917525049
4.917117772
4.917632682
4.922773007
4.895983213
4.839518021
4.802022055
4.785881641
4.803395167
4.781219482
4.790915499
4.79874108
4.816175172
4.817948069
4.804017555
4.783104032
4.761242462
4.742777101
4.730790698
4.723055461
4.717279066
4.70931812
4.696768181
4.682822373
4.652300087
4.629261631
4.608374536
4.588848379
4.551867703
4.538497916
4.550940515
4.555766114
4.574961328
4.590871103
4.606166952
4.618606891
4.627076379
4.63550879
4.64294314
4.652801261
4.641907794
4.614364768
4.61443297
4.621409079
4.644042943
4.653938693
4.650873139
4.647824031
4.643497695
4.631130795
4.613288899
4.597540712
4.584101295
4.56670844
4.546175873
4.526438296
4.483127115
4.442189492
4.410673478
4.396509971
4.402275078
4.412158657
4.388077944
4.357700477
4.330450762
4.310545105
4.306195502
4.326888255
4.346034485
4.367039659
4.384209884
4.382431258
4.369430266
4.343054627
4.310020729
4.276972506
4.249952428
4.246639045
4.27199272
4.315818505
4.370278126
4.416789335
4.441332814
4.437001805
4.448245939
4.436421438
4.411873334
4.391359533
4.375155855
4.360470214
4.345932447
4.331104781
4.31604389
4.301369276
4.282811681
4.262133165
4.242375659
4.228240464
4.222302107
4.222820438
4.227208453
4.235204186
4.22540098
4.210226986
4.199336844
4.210760392
4.219597625
4.22814235
4.228572008
4.220800961
4.207388945
4.199987439
4.20201011
4.211640195
4.224754299
4.248945891
4.289493393
4.349584599
4.424665561
4.499364808
4.559250184
4.586675061
4.600688443
4.591880574
4.57264689
4.546273418
4.520603696
4.496254316
4.476568252
4.464145876
4.456557708
4.449718578
4.443557903
4.440424426
4.441783718
4.444935546
4.44793077
4.444900145
4.426288249
4.376280461
4.305969601
4.271168889
4.307112272
4.370268307
4.41419105
4.433479745
4.437340317
4.425001785
4.405510374
4.374505151
4.333198301
4.294819288
4.185664671
4.080154791
4.023720741
4.02217749
4.052429629
4.076499878
4.080393193
4.09341406
4.116897254
4.178947027
4.229157221
4.220597604
4.20073669
4.174450026
4.146065071
4.117838799
4.094916491
4.077798063
4.077720885
4.110359567
4.196644833
4.330179877
4.476565056
4.593104726
4.670939374
4.715428883
4.730285691
4.712722061
4.696944831
4.687249749
4.703737745
4.700360775
4.694778894
4.688253724
4.691465608
4.709217877
4.747573433
4.801041871
4.856296165
4.853667903
4.821833094
4.803258172
4.797703575
4.811013128
4.836170789
4.842883617
4.8392845
4.841932386
4.845314019
4.832619954
4.816047451
4.800046587
4.788836874
4.781276329
4.777088823
4.772109326
4.767559722
4.764438169
4.765419877
4.720431805
4.694596069
4.707695752
4.727469365
4.686914026
4.641485578
4.596152787
4.571874107
4.613323008
4.624834419
4.631804127
4.627209316
4.615899076
4.603433174
4.592730974
4.590428611
4.595657887
4.348847835
4.153600551
4.083802929
4.101698519
4.108399714
4.088494108
4.089774495
4.073484389
4.049110061
4.029564794
4.02430375
4.015268273
4.004419508
4.005376778
4.013939173
4.026169525
4.037540939
4.036261703
4.022949189
4.014028269
4.04083107
4.107361971
4.222234347
4.389150352
4.557367233
4.573066078
4.591459988
4.572790794
4.551895987
4.551581709
4.551399418
4.553338245
4.546144407
4.541453482
4.541765311
4.543453227
4.548720782
4.562295778
4.588863966
4.626974355
4.623405182
4.618052445
4.629320343
4.636172229
4.632721307
4.630290537
4.627286604
4.635953151
4.645773758
4.640730423
4.626995996
4.601900927
4.598915777
4.589007362
4.583252415
4.588536632
4.603252936
4.622384027
4.629833273
4.624160072
4.627045463
4.624515817
4.578855697
4.525717679
4.509831814
4.502012439
4.518929404
4.53934256
4.548500636
4.551389989
4.54862329
4.546194753
4.54629859
4.553146599
4.566733499
4.585680043
4.608079631
4.655005167
4.700366862
4.72491174
4.687277216
4.602183794
4.606520981
4.634431656
4.65681792
4.65324397
4.610599678
4.568377746
4.529692283
4.499441112
4.481084487
4.472875865
4.469878154
4.468476187
4.46919323
4.471295679
4.469452489
4.464411837
4.461591202
4.451505668
4.432124361
4.414890988
4.40456212
4.415730119
4.421716047
4.423734348
4.423550022
4.423844293
4.425050276
4.42596182
4.426239771
4.428197863
4.433712054
4.446110069
4.468485791
4.494647339
4.511135311
4.492399791
4.481595231
4.479989383
4.478699179
4.47203786
4.461921436
4.447149182
4.428827757
4.410654018
4.395367759
4.383629055
4.374926975
4.369430266
4.364329814
4.357552753
4.335495385
4.292960308
4.257976004
4.245224008
4.227661892
4.21144319
4.187666932
4.207990702
4.241650626
4.26862942
4.290550432
4.309131136
4.320373645
4.327790726
4.332227615
4.322561717
4.315374329
4.318045327
4.328213798
4.34615627
4.374407047
4.404558872
4.431898423
4.358301174
4.345649359
4.341479909
4.33097927
4.31520858
4.292800359
4.270726769
4.251850399
4.241390933
4.240166451
4.245466619
4.263854613
4.301286132
4.372536102
4.486935406
4.588521044
4.624552937
4.617940928
4.588941899
4.578765095
4.652278563
4.679393625
4.680656014
4.680671296
4.688201852
4.697901058
4.707303748
4.704665226
4.683537143
4.647500849
4.596849914
4.540035807
4.487059743
4.442308641
4.441052586
4.490574821
4.596258607
4.726422268
4.767661738
4.763672476
4.754624976
4.736529474
4.722973683
4.717967392
4.725444567
4.733810542
4.736840541
4.736550615
4.750859635
4.786279165
4.851816659
4.948594003
5.070371372
5.175183301
5.243264919
5.245561631
5.238324398
5.296693512
5.397252528
5.427475733
5.432994686
5.449591511
5.473536549
5.502945718
5.530165744
5.54415268
5.524798235
5.505097714
5.489570439
5.481619379
5.486773627
5.505892805
5.516200395
5.512386938
5.449864503
5.305137469
5.234784011
5.262572901
5.257038303
5.238807737
5.227830126
5.234718425
5.257517201
5.297962718
5.356515194
5.448565044
5.461506433
5.433394888
5.393795242
5.339722839
5.273323566
5.189892688
5.136093972
5.134210823
5.145115708
5.155856031
5.165879015
5.170177723
5.154904277
5.134224754
5.120984249
5.119869549
5.124578133
5.131259352
5.132363217
5.128791523
5.123402789
5.127340945
5.143208049
5.175081026
5.157448369
4.966233678
4.858887676
4.650688588
4.599379224
4.582437717
4.560200778
4.561185674
4.570459608
4.585979507
4.610391796
4.644658965
4.685802915
4.727287804
4.753087295
4.753960013
4.727193995
4.693983553
4.675038367
4.708285216
4.820349497
4.847970416
4.857865961
4.86822626
4.885178138
4.901569442
4.912859698
4.919854612
4.921837216
4.920520414
4.918450027
4.912254013
4.900042841
4.876376618
4.85051329
4.829522681
4.813334801
4.840647042
4.878693575
4.899721698
4.822622182
4.783065152
4.764711386
4.746479537
4.739340416
4.738015163
4.745659702
4.760007455
4.771686639
4.775504456
4.77097608
4.753174574
4.723736888
4.687930278
4.662595585
4.641275996
4.716833268
4.737710212
4.753120401
4.761023129
4.78784204
4.821925062
4.864048909
4.904212869
4.936524886
4.961161451
4.977713507
4.98309903
4.971516541
4.949357101
4.907910109
4.848545777
4.785621589
4.718303937
4.695196318
4.718397923
4.73522156
4.731948684
4.709069029
4.687014745
4.670305378
4.657905233
4.649433446
4.645582845
4.648858059
4.661533916
4.683463839
4.718537383
4.766176286
4.818639827
4.860438976
4.851492324
4.814368938
4.775037132
4.776870217
4.791163321
4.800761782
4.81238962
4.831548273
4.852332602
4.872082938
4.886328812
4.889132628
4.880528763
4.859991593
4.834170806
4.817965884
4.819764834
4.849023717
4.896719453
4.915200203
4.91286261
4.756300512
4.590169952
4.550978235
4.530061763
4.521932559
4.518913576
4.505588876
4.478807775
4.445386085
4.41563617
4.394134097
4.376064716
4.35750351
4.339607953
4.327050251
4.334346995
4.338081448
4.326789071
4.36761942
4.378783634
4.416870304
4.496422935
4.510415422
4.549642134
4.57494882
4.592581464
4.602447995
4.607899575
4.610754809
4.609870496
4.606648301
4.605775624
4.610748604
4.621195491
4.64646344
4.684444194
4.715841445
4.749453262
4.754281975
4.74469501
4.716117478
4.694483324
4.665205772
4.637285977
4.608688045
4.574470389
4.536912209
4.50487445
4.479398618
4.457061634
4.434563753
4.411957636
4.406432452
4.408697869
4.404074923
4.362848026
4.330328535
4.318313661
4.372545916
4.391675504
4.408194904
4.431062354
4.440269788
4.443715645
4.445582377
4.44734218
4.449843955
4.451733824
4.456278437
4.468402556
4.48354191
4.496228863
4.50740142
4.515297003
4.526466739
4.52728519
4.52128716
4.510326617
4.511496799
4.507318903
4.503041829
4.496807874
4.490523851
4.486827007
4.484368195
4.480203316
4.474170945
4.471893912
4.440582279
4.391310669
4.328884678
4.297815948
4.282915223
4.255001715
4.251783109
4.257018409
4.26194185
4.274011437
4.280710228
4.281572316
4.275831818
4.261552481
4.240405978
4.212961252
4.190436401
4.186843593
4.203129992
4.230100832
4.263901582
4.290533762
4.311517355
4.31955573
4.320092194
4.318837029
4.340550623
4.360562071
4.362969342
4.357057017
4.344559628
4.336336685
4.331306252
4.327995656
4.325744194
4.325158821
4.325446557
4.326174079
4.325082749
4.316912177
4.305404797
4.288953102
4.270086952
4.250157746
4.241404424
4.236372698
4.264092809
4.266225919
4.241363951
4.206987726
4.148986435
4.057636578
3.938626809
3.82358453
3.755397727
3.749046204
3.78054576
3.836697692
3.897490178
3.940329852
3.919132809
3.902266035
3.895033946
3.89252104
3.9548177
3.98557757
3.992667153
4.004158719
4.008379266
4.017077706
4.032967845
4.050385238
4.076377056
4.113208911
4.162638179
4.232251075
4.34862086
4.514764724
4.580211385
4.647682449
4.728128978
4.774908311
4.763759561
4.754224806
4.749368927
4.758107745
4.769749592
4.777702661
4.785860718
4.784847327
4.779543703
4.750715102
4.692148574
4.643297447
4.6403975
4.662110807
4.685720487
4.687771599
4.686743103
4.684493054
4.690102427
4.688494767
4.70310817
4.735874052
4.742246222
4.731458918
4.715847512
4.703436654
4.701720982
4.720965137
4.782547719
4.892423159
5.040447666
5.21615207
5.378779125
5.50118815
5.50258957
5.450531176
5.348879845
5.301469009
5.310907462
5.331446354
5.34550367
5.355663204
5.361859071
5.368556752
5.376842627
5.386730612
5.400074513
5.417875986
5.439478547
5.469068245
5.511901636
5.551795174
5.578289639
5.538780646
5.487206405
5.490878431
5.490881036
5.484817878
5.482563991
5.465279486
5.447680184
5.435534944
5.425132103
5.411162686
5.387468824
5.351636454
5.31230253
5.273912197
5.251244534
5.247729219
5.236497136
5.19342787
5.157814482
5.072345908
4.985630368
4.941917664
4.956268757
4.993875567
5.031994498
5.063188859
5.069745001
5.060156386
5.043333151
5.02490232
5.006829366
4.996816575
5.001114721
5.024372779
5.065705591
5.117002062
5.160953111
5.188544662
5.205552643
5.227044738
5.305064664
5.405068329
5.446905486
5.461443571
5.45355118
5.433055245
5.415031578
5.39876572
5.387917544
5.387726378
5.399099572
5.419243518
5.442806943
5.473348374
5.49456102
5.492779934
5.44998262
5.427523175
5.419581387
5.435024356
5.463871115
5.489468809
5.508012484
5.516060355
5.515632435
5.508833121
5.50574211
5.50926157
5.523827179
5.547072716
5.575911908
5.60988876
5.652467422
5.694064533
5.726386303
5.734801232
5.731926918
5.71125277
5.695036705
5.672543825
5.647127498
5.618404336
5.591002402
5.569956721
5.553650063
5.540694111
5.526411106
5.512527071
5.503709929
5.500865695
5.497192533
5.490115039
5.489317664
5.504286916
5.501957805
5.493602847
5.531205517
5.554376392
5.559730783
5.555056274
5.537119709
5.520143382
5.511200857
5.512680175
5.52270572
5.533054381
5.540430758
5.539547661
5.535623664
5.519223344
5.493209635
5.457867066
5.407201077
5.383115098
5.375669216
5.356306883
5.335689422
5.317836101
5.30047593
5.2827419
5.266944788
5.254101377
5.242061608
5.232138085
5.224726196
5.220302511
5.217662949
5.215968322
5.218063218
5.219074719
5.209003049
5.191513164
5.179474287
5.174378864
5.204598983
5.249288238
5.261428383
5.257952525
5.243854195
5.225572159
5.217210554
5.219713316
5.227657734
5.233720881
5.246033396
5.273296439
5.316106133
5.370437637
5.417508965
5.46641796
5.522384522
5.570488326
5.584673972
5.590664657
5.629453803
5.669307411
5.668701797
5.657170173
5.635120189
5.613019264
5.600926064
5.604447009
5.624595628
5.619616157
5.621407951
5.624997457
5.621797286
5.606184963
5.550828841
5.518901943
5.537584718
5.547395064
5.575285886
5.605202486
5.63188767
5.655361886
5.675498625
5.690782543
5.700986696
5.705829972
5.704608881
5.696468283
5.673154072
5.557157201
5.396208152
5.36380898
5.387936129
5.32982548
5.25836877
5.252878762
5.242511859
5.221880676
5.197912956
5.150662256
5.092512671
5.041330226
5.022117334
5.026109237
5.040183719
5.054575617
5.065437312
5.07321728
5.076712544
5.068472271
5.053873695
5.038117076
5.013733124
4.992153687
4.974134299
4.966746376
4.966924944
4.968275515
4.96876785
4.968430995
4.966953745
4.967849362
4.975747417
4.991560489
5.008908918
5.027953211
5.066366344
5.116686149
5.147825815
5.187303838
5.205582872
5.199781289
5.194303716
5.184672309
5.17322313
5.161036264
5.143310958
5.126682471
5.111802391
5.099547288
5.091962068
5.088406996
5.0761405
5.019903622
4.951654354
4.970848936
5.039300957
5.053109396
5.038517412
5.012842851
4.991437256
4.982246351
4.972017186
4.982671273
4.99123377
5.001126163
5.008100623
5.013852956
5.016114969
5.016913418
5.019419153
5.024592004
5.033159924
5.055079355
5.079264821
5.058392024
5.077946586
5.126037865
5.143708669
5.184724732
5.195644741
5.188756951
5.175105904
5.162926253
5.143705888
5.112597088
5.077402856
5.049410818
5.030931167
5.020650182
5.0140812
5.010382363
5.008100623
5.006757938
4.999815937
4.980178645
4.927481229
4.878139365
4.851050014
4.856366861
4.90128926
4.880402726
4.866800896
4.867385787
4.873131027
4.8822109
4.891610238
4.897887861
4.903188929
4.912105492
4.927582837
4.953936104
4.983767864
5.026405229
5.063686091
5.034359179
5.038395327
5.055798086
5.057659519
5.074767896
5.068308571
5.050056706
5.024802679
4.985369257
4.932280667
4.892888042
4.863628329
4.836277273
4.800982279
4.76482247
4.752316763
4.766104252
4.786034079
4.790204806
4.763414214
4.730337102
4.696893055
4.689159862
4.697489965
4.718613174
4.736604977
4.742695663
4.744900023
4.744254804
4.74355823
4.745358257
4.749977313
4.758808201
4.767865764
4.785950389
4.811096383
4.838376911
4.848150408
4.856487631
4.848076642
4.826536047
4.795326604
4.772112324
4.748100704
4.725262928
4.707270319
4.693544687
4.683689858
4.6762744
4.673808128
4.674980229
4.676164272
4.673012279
4.669251589
4.659240991
4.638828122
4.616187283
4.595343489
4.596834354
4.613691992
4.624354962
4.657607322
4.694699671
4.709069029
4.712454936
4.702934794
4.681456676
4.656037601
4.632529856
4.618994035
4.618721489
4.63177633
4.670568788
4.719076992
4.76891576
4.654851511
4.522536746
4.499231273
4.483334517
4.466878432
4.449943611
4.435128236
4.42712522
4.416999852
4.398523577
4.378123667
4.359643415
4.33931786
4.31433995
4.278300139
4.237358591
4.202374359
4.172948806
4.147072433
4.054977495
3.946851978
3.968304707
3.984500659
3.993906625
4.00561606
4.007933141
3.996842569
3.974262644
3.949728732
3.921964242
3.894299346
3.87067418
3.855599352
3.860134282
3.879732995
3.900920437
3.92787957
3.973693892
4.034748068
4.092288623
4.165015593
4.245715955
4.255021887
4.237554391
4.228311512
4.238445507
4.277169838
4.362133179
4.41171121
4.402213338
4.396480687
4.393313633
4.392672133
4.399726746
4.402554525
4.398793506
4.37630988
4.345698736
4.310694441
4.327863444
4.321926264
4.335389799
4.350038436
4.365768502
4.375119889
4.384222936
4.396213871
4.41088753
4.427306166
4.442257118
4.46256901
4.484243783
4.515993941
4.544070293
4.570788236
4.586147947
4.584921937
4.578121459
4.568039549
4.554789468
4.541831454
4.524706094
4.506512697
4.494176275
4.493036605
4.497256396
4.501875804
4.504344115
4.504690269
4.503302316
4.498372737
4.479491229
4.421191914
4.373167472
4.319062257
4.290260356
4.289496728
4.547251892
4.707154838
4.753692196
4.789640358
4.799525023
4.787570142
4.768768774
4.743693934
4.717894622
4.671245622
4.52949332
4.449757156
4.474218903
4.509727138
4.537066705
4.541144781
4.556748828
4.585820419
4.61938734
4.606542719
4.603479786
4.619669136
4.629613895
4.639407836
4.660100586
4.652979579
4.634564382
4.610491084
4.564079534
4.484527692
4.375257212
4.272059691
4.203725552
4.180466624
4.172739689
4.162868422
4.156244723
4.140205794
4.125585341
4.106250808
4.092949243
4.114930086
4.148172661
4.184803336
4.20385146
4.210916664
4.202197345
4.1882886
4.177868599
4.178772443
4.179012066
4.204004586
4.221532963
4.232991235
4.248605836
4.287258415
4.315095867
4.320423311
4.307955794
4.292550425
4.275908765
4.259578234
4.245234117
4.232555266
4.219072118
4.201363233
4.178512265
4.150496322
4.121804126
4.103696431
4.092767496
4.076419167
4.060811792
4.049237243
4.046590316
4.05825349
4.075871689
4.085515484
4.09242495
4.097294794
4.101824071
4.102800455
4.094892037
4.075892747
4.077296381
4.089599602
4.123396822
4.166660436
4.20385146
4.190846032
4.179515229
4.173466411
4.153927721
4.138512414
4.124329946
4.104661915
4.076155965
4.053435557
4.038327414
4.027746763
4.018886325
4.013643362
4.012235287
4.013536437
4.017782737
4.025490839
4.030814214
4.025736032
4.004122993
3.99257758
3.979392134
3.969450881
4.013425945
4.02404425
4.036460171
4.03710158
4.038401802
4.04170539
4.042232723
4.03866038
4.038479732
4.050339324
4.076559534
4.115343756
4.155322208
4.184300809
4.187639604
4.15019301
4.147965744
4.134573491
4.113031537
4.093878824
4.076896395
4.058475555
4.036874795
4.015140014
3.997329297
3.982453725
3.972077184
3.964084797
3.957009077
3.950478373
3.946043646
3.955808671
3.981627471
4.000201935
3.985721136
3.974104266
3.997493913
4.081840839
4.110457013
4.142710035
4.168424744
4.179785611
4.182478214
4.176036345
4.159925857
4.135981421
4.112214127
4.106306548
4.123490491
4.150206797
4.187157916
4.227465634
4.25902743
4.310843772
4.325945915
4.332452146
4.346758562
4.370206114
4.378656222
4.370346865
4.357076716
4.352556701
4.358944451
4.334954228
4.288689602
4.253411214
4.225902005
4.218933101
4.246093301
4.30275255
4.369849307
4.415078915
4.383873796
4.357372193
4.343627708
4.342408996
4.362664407
4.387210699
4.41553898
4.423853994
4.412443961
4.39844227
4.389111241
4.385756213
4.386232398
4.398029207
4.430474751
4.487276528
4.561709401
4.640616369
4.656907003
4.669996005
4.697724445
4.734686813
4.764960571
4.809285267
4.82849179
4.820592838
4.802751849
4.784957944
4.773194352
4.762720442
4.755882435
4.759105788
4.777669726
4.810709831
4.856899993
4.895574143
4.912717019
4.929823497
4.887578728
4.848238926
4.820916285
4.864331235
4.905122858
4.918921175
4.925277261
4.930868017
4.934646748
4.935391712
4.935498955
4.937860596
4.941770035
4.910518078
4.873145704
4.861839724
4.87138115
4.942690475
4.85775406
4.846488917
4.872505724
4.871733525
4.861277708
4.851704618
4.832169996
4.811369924
4.793240938
4.778573877
4.768612785
4.76494556
4.763630434
4.748471265
4.73034315
4.709652246
4.703077753
4.747787362
4.750308579
4.760794771
4.725078255
4.711617036
4.733701752
4.758603787
4.825128014
4.854687555
4.863543032
4.858849402
4.848123852
4.827828111
4.796603217
4.758306168
4.738060452
4.734623364
4.77104804
4.829490098
4.876449956
4.872596735
4.82012395
4.836543475
4.86187209
4.907537012
4.943749637
4.96984736
5.009365847
5.077073208
5.155853256
5.207750618
5.242091626
5.269149733
5.286804889
5.297387562
5.299625729
5.289382902
5.284055066
5.285213631
5.35994048
5.502904125
5.573923276
5.716640396
5.855628685
5.928599865
6.022737336
6.063483562
6.082850171
6.084606647
6.071956692
6.054592206
6.041244843
6.04434364
6.066530913
6.112922439
6.180358464
6.246995585
6.314340908
6.357905638
6.413669662
6.487576717
6.571270123
6.616449128
6.647301044
6.711350736
6.806602095
6.896304327
6.976665979
7.029325095
7.062686074
7.07788894
7.082586436
7.08364673
7.085617445
7.097238767
7.134676336
7.13383017
7.160973735
7.237745386
7.335034982
7.421833881
7.482441376
7.509993571
7.52419194
7.537566516
7.553360895
7.573598237
7.556212531
7.538551432
7.548711897
7.583670249
7.638838296
7.664811311
7.783452469
7.939555826
8.041413166
8.085159043
8.102087727
8.135672382
8.166318445
8.210541778
8.271527035
8.309098544
8.324116442
8.331513079
8.352810858
8.352233688
8.34602445
8.348977155
8.35574747
8.353802401
8.335869657
8.315242458
8.271508011
8.27903286
8.383651137
8.560128768
8.737776802
8.830013647
8.888181327
8.93029751
8.954419427
8.966054797
8.973070546
8.982251787
9.003537119
9.04414192
9.109814484
9.201720462
9.277683999
9.366704704
9.47631262
9.595918491
9.67167158
9.707492012
9.734777451
9.742683013
9.735074283
9.723317536
9.71291635
9.696255081
9.671544379
9.647424313
9.634763348
9.63501872
9.651542627
9.668494008
9.686719801
9.700330544
9.70227106
9.640014926
9.54265525
9.491717292
9.508905453
9.591852355
9.687156917
9.744729598
9.771262533
9.791158514
9.803883067
9.811734407
9.812093058
9.81041049
9.81173878
9.825102082
9.85710038
9.877327464
9.896932173
9.920457153
9.959545801
10.05454067
10.08588625
10.11143914
10.13706873
10.14953438
10.15730022
10.16266746
10.17062581
10.18515034
10.20350335
10.22598039
10.24692145
10.25842953
10.26565594
10.26688632
10.26774178
10.29196481
10.36382768
10.49663871
10.6421747
10.81529896
10.91369218
10.93544074
10.962632
11.01075929
11.06096393
11.10677851
11.13757479
11.1572537
11.17208969
11.18967285
11.209088
11.21816582
11.22440733
11.24546595
11.30255946
11.40690172
11.40395677
11.23038043
11.23016771
11.27880478
11.32702968
11.39770439
11.49057649
11.58529972
11.67365224
11.73275286
11.76012836
11.77073674
11.77437482
11.77689311
11.78020993
11.79122608
11.82910684
11.91531796
12.04293652
12.23393559
12.43323041
12.60463106
12.72945791
12.79007974
12.81474359
12.86874252
12.93481086
12.9811783
12.95494761
12.90601886
12.83192423
12.76082443
12.7185402
12.71334732
12.77722448
12.89878781
13.01001618
13.12039976
13.1181252
13.11956784
13.13771858
13.15319738
13.16378829
13.169779
13.17070551
13.17011681
13.16939991
13.17007553
13.17181549
13.17302093
13.17139844
13.16743259
13.17523824
13.21787643
13.23732864
13.21032663
13.22077007
13.2599104
13.34199866
13.44330454
13.5402199
13.62073023
13.68707337
13.73623593
13.76305844
13.76366023
13.74148053
13.70293278
13.65285193
13.60832433
13.50986883
13.50058787
13.53689577
13.60542165
13.63464938
13.65394786
13.66549795
13.67248255
13.67611053
13.68845395
13.68639714
13.67444521
13.66958198
13.67833936
13.69338779
13.67024753
13.65135982
13.65627772
13.68696886
13.74725488
13.80853228
13.80874155
13.78158237
13.75462853
13.67549234
13.64327925
13.69005279
13.71185665
13.71757464
13.72330797
13.7149402
13.72091234
13.73561523
13.7385383
13.71210286
13.66473062
13.60247207
13.38910032
13.15329309
13.09517114
13.10609601
13.13792981
13.11104714
13.10663082
13.13939531
13.19375802
13.29014774
13.42442679
13.57958983
13.76421731
13.8470495
13.89684226
13.95101581
14.00816632
14.05879163
14.10789487
14.12869957
14.04770543
13.81221774
13.65495884
13.71051181
13.71873318
13.69705306
13.65608917
13.64394084
13.70633248
13.78987755
13.84059434
13.85392811
13.84605874
13.8278612
13.86034093
13.98809458
14.26140259
14.65798322
15.26783716
16.00249065
16.16198871
15.70501515
15.33300685
15.20136805
15.02484648
14.88003634
14.77413163
14.69956021
14.66457997
14.62038231
14.59747091
14.51706126
14.36510857
14.20133996
14.04414696
13.88136723
13.71733166
13.52088605
13.2250282
12.89872903
12.67550664
12.56221281
12.5275518
12.53512597
12.58655716
12.67101303
12.77479924
12.88435239
12.97266816
13.002459
12.95310122
12.82694677
12.6291485
12.37801232
12.05764491
11.68392286
11.30102919
10.9298771
10.67693248
10.54298295
10.49991308
10.51146671
10.52645457
10.53011635
10.51907686
10.50009291
10.49647926
10.52423378
10.5891122
10.66352055
10.70633978
10.71141989
10.70117303
10.66703604
10.65983749
10.71704889
10.7818338
10.85464968
10.8411264
10.83745487
10.80203234
10.75473477
10.7137541
10.68488936
10.66753624
10.654044
10.64995472
10.6460157
10.63372041
10.62465892
10.61874654
10.61066053
10.62273473
10.67110001
10.75989574
10.85264631
10.94999722
11.05136608
11.15792167
11.2027358
11.20625702
11.2038288
11.20353385
11.21321322
11.24548631
11.30344285
11.37928741
11.4579575
11.53308612
11.59993108
11.65031409
11.67253215
11.67322088
11.67020095
11.67688077
11.69090564
11.71006025
11.73697679
11.76844201
11.79470017
11.80741725
11.8119015
11.81756919
11.83368563
11.8685723
11.90521332
11.96708791
12.01148294
12.06346988
12.11466579
12.17112689
12.23061784
12.28390637
12.31652263
12.32347083
12.31290997
12.2872074
12.25242108
12.21745258
12.18951986
12.18886852
12.21205014
12.26074627
12.33184085
12.4215917
12.5178831
12.61229391
12.70587038
12.79603076
12.85536727
12.87239033
12.87239922
12.88608984
12.91473575
12.94409189
12.96977873
12.99272422
13.01573036
13.03747476
13.05431843
13.06189599
13.06577344
13.0688332
13.06732366
13.06032431
13.05336285
13.04873297
13.0463889
13.04701279
13.03998279
13.02768269
13.01355623
13.00011209
12.9902423
12.98952209
12.99507466
